$SPEC_ID:
No sample description was entered.
$SPEC_REM:
DET# 1
DETDESC# PHY-R11-68 MCB 129
AP# Maestro Version 7.01
$DATE_MEA:
03/15/2019 15:12:43
$MEAS_TIM:
120 122
$DATA:
0 2047
       0
       0
       0
       0
       0
       0
       0
       0
       0
       0
       0
       0
       0
       0
       0
       0
       0
       0
       0
       0
       0
       0
       0
       0
       0
       0
       0
       0
       0
       0
       0
       0
       0
       0
       0
       0
       0
       0
       0
       0
       0
       0
       0
       0
       0
       0
       0
       0
       0
     116
     308
     302
     288
     296
     314
     293
     284
     331
     278
     261
     308
     277
     272
     301
     274
     295
     275
     305
     283
     271
     276
     261
     260
     285
     262
     252
     265
     278
     257
     258
     248
     333
     235
     265
     255
     273
     257
     230
     200
     249
     261
     237
     237
     248
     266
     275
     246
     227
     247
     281
     234
     240
     215
     245
     230
     240
     215
     252
     232
     217
     220
     225
     218
     247
     215
     213
     211
     232
     227
     245
     225
     214
     234
     214
     222
     189
     212
     244
     216
     232
     188
     209
     219
     217
     228
     207
     194
     212
     202
     215
     225
     226
     199
     214
     212
     193
     223
     207
     201
     208
     203
     201
     196
     198
     179
     187
     212
     190
     203
     185
     190
     199
     190
     194
     186
     203
     194
     198
     202
     191
     195
     192
     183
     212
     220
     207
     190
     185
     176
     183
     179
     185
     173
     176
     177
     178
     186
     192
     181
     181
     189
     189
     200
     184
     185
     193
     188
     181
     201
     196
     193
     207
     198
     185
     191
     203
     213
     202
     189
     160
     182
     181
     191
     177
     182
     167
     195
     166
     183
     187
     190
     209
     193
     182
     196
     213
     192
     197
     193
     173
     199
     208
     156
     180
     209
     176
     203
     182
     182
     189
     204
     181
     197
     198
     201
     187
     177
     197
     195
     232
     218
     202
     223
     219
     258
     274
     292
     297
     306
     321
     331
     362
     357
     353
     326
     320
     302
     292
     255
     239
     254
     242
     286
     246
     270
     297
     329
     313
     343
     349
     348
     357
     336
     367
     334
     298
     297
     303
     281
     284
     279
     267
     246
     189
     210
     198
     194
     164
     191
     170
     155
     161
     139
     131
     143
     145
     122
     128
     149
     140
     160
     123
     123
     140
     112
     155
     147
     148
     121
     113
     102
     121
     125
     127
     136
     137
     120
     118
     116
     115
     116
     114
     117
     105
      92
     110
     125
     103
     105
      97
      97
      94
     104
      95
     106
      91
      87
      86
      72
      97
      89
      73
      76
      81
      96
      67
      74
      64
      89
      70
      80
      59
      66
      78
      80
      63
      76
      63
      51
      52
      48
      58
      65
      56
      55
      52
      48
      52
      36
      54
      55
      46
      54
      45
      42
      50
      52
      48
      48
      53
      43
      56
      46
      30
      46
      43
      45
      43
      40
      31
      36
      35
      48
      37
      33
      40
      42
      34
      35
      40
      30
      28
      25
      39
      44
      25
      30
      31
      31
      23
      33
      26
      41
      30
      29
      32
      24
      40
      25
      31
      42
      22
      24
      25
      18
      26
      26
      28
      21
      30
      21
      16
      17
      23
      24
      23
      27
      30
      19
      22
      24
      22
      14
      27
      27
      15
      24
      20
      22
      17
      25
      20
      19
      11
      15
      26
      16
      22
      19
      28
      22
      12
      10
      26
      19
      21
      16
      20
      16
      26
      22
      19
      15
      15
      18
      14
      16
      25
      16
      18
      16
      20
      21
      11
      28
      24
      13
      12
      12
      15
      14
      10
      19
      24
      16
      10
      13
      21
       8
      14
      15
      11
      14
      14
      19
      18
      21
      16
       8
      17
      11
      22
      10
      18
      13
      15
      21
      14
      10
      15
      12
      13
      10
       9
       4
      11
      16
      16
      20
       6
      13
       9
       9
      12
       8
       3
       8
       6
       7
      13
      10
       8
       9
       9
      13
      12
       6
      11
       8
      11
      16
      18
      19
      13
      14
      20
      16
      19
      18
      16
      14
      12
      14
      15
      17
      17
      12
      17
      11
      16
      12
       5
      11
      10
       9
      10
       7
      12
       8
       9
       7
       7
       8
       9
       7
       9
       5
       6
       5
      11
       5
      12
       9
       8
      10
       6
       9
       7
       7
      12
      11
       8
       9
       8
       6
       4
       9
       6
       8
       8
       9
       9
       5
       7
       7
       7
       9
       7
       7
       5
       7
       8
      13
       6
      10
       7
      14
       8
      12
       9
       6
       6
      15
       9
      10
       8
      10
       6
       6
      12
       5
      10
      10
       9
      12
       3
       3
       8
       6
       4
       7
       5
       4
       7
       6
       7
       4
       4
       9
       3
       9
       6
       7
       9
       8
       3
       6
       5
      12
       6
      11
       4
       6
       8
       3
       5
       5
      11
       7
       4
       6
       9
       4
       7
       8
       5
      11
       9
       6
       6
       6
       4
       6
       4
       6
       7
       9
       2
       4
       7
       8
      15
       6
       9
       6
       5
       4
       9
      11
       7
       8
      10
       6
       8
       8
       8
      10
       7
      10
      11
       8
       8
       6
       8
       8
      11
       8
       8
       8
       6
       9
       9
       7
       6
      12
       9
       6
       5
       8
       5
      10
       6
       3
      10
       4
       7
      10
       6
       8
       5
       6
       6
       5
       7
       8
      10
       9
      15
      10
      12
      24
      16
      29
      26
      35
      40
      37
      45
      53
      66
      56
      54
      82
      85
      80
     109
      72
      73
      94
      76
      71
      64
      78
      57
      50
      34
      39
      32
      17
      22
      10
      12
      14
      11
       9
      13
      13
      10
       7
       7
       5
       7
      13
       9
       8
       8
       9
      10
       8
       8
      10
       8
      11
       5
      11
       8
       7
       3
       8
      10
       7
       7
       4
       6
       7
       7
       4
      12
       7
       3
       4
      14
       4
       8
       8
       5
       6
      13
       9
       5
       3
       7
       6
       5
      10
       6
       8
      10
       9
       7
       4
      12
       7
       5
       5
       8
       8
       5
       4
      10
       5
       7
       4
       8
       7
       8
       9
      10
      20
      13
      15
      17
      19
      20
      23
      24
      34
      24
      24
      33
      19
      21
      16
      16
      14
      19
      13
      17
      18
      12
      16
      13
       7
       8
       8
       6
       9
       9
       9
      10
      12
       8
      14
       9
       6
      11
      12
       7
       3
       5
       4
       6
       5
       1
      10
       7
       2
       9
       7
       7
       6
       7
       7
      10
       7
       6
       7
       3
       6
       6
       5
       7
       2
      10
       3
       5
      11
       5
       2
       3
       5
       1
       7
       4
       4
       4
       5
       6
       7
       6
       9
       3
       3
       4
       5
       5
       7
       7
       7
       6
       5
       1
       7
      13
       7
       6
       3
       3
       7
       7
       4
       6
       9
      12
       6
       3
       9
       7
       6
       5
       8
       4
       4
       7
       9
       6
      13
      10
       6
       7
       3
       3
       1
       3
       5
       8
       5
       5
       7
       8
       7
       6
      11
       4
       9
      11
       4
       6
      10
       2
      10
       9
       8
       7
       7
      12
       7
       7
       6
      10
      11
       2
      10
       7
       6
       9
       6
       5
       4
      13
       7
       5
       6
       8
       9
       6
       7
       7
      14
       6
       8
      14
       3
       6
       6
      11
       5
       7
      12
       7
       5
      10
       9
       8
       7
       6
       7
       5
       7
       5
       8
      12
       4
       5
      12
       4
       7
      11
      11
       8
      11
      11
       4
       3
      11
      10
      14
       7
       7
       9
       4
       7
       8
       4
       9
       3
       2
       4
       7
       5
       6
       9
      11
      12
      11
      11
      11
      11
       6
      10
      12
      10
       5
      10
       6
       3
      12
      10
      11
      10
      11
       8
      11
      12
      10
      13
      14
      12
      13
       6
      14
      10
      12
      10
      16
       9
      10
       9
       5
      13
       9
      10
      16
      16
      11
      14
       9
      11
      16
      10
       8
       9
      13
      16
      13
       7
      13
      11
      16
      14
      14
      12
      13
      18
      14
      18
      15
      15
      11
      15
      11
      11
       8
      15
      21
      14
      13
      10
      13
      10
      10
      11
      21
      17
      14
      11
      11
      16
      11
      19
      17
      16
      14
      17
      26
      17
      17
      16
      16
      12
      20
      26
      21
      17
      20
      11
      11
      21
      19
      17
      23
      21
      16
      16
      18
      18
      18
      21
      28
      24
      19
      15
      26
      17
      18
      27
      25
      15
      19
      22
      16
      16
      17
      22
      19
      22
      27
      22
      17
      20
      19
      28
      24
      27
      23
      26
      20
      31
      23
      22
      27
      34
      23
      21
      23
      24
      28
      29
      21
      25
      22
      30
      29
      26
      27
      25
      29
      24
      28
      26
      33
      34
      30
      34
      32
      27
      33
      40
      18
      30
      27
      30
      30
      31
      44
      29
      44
      42
      31
      34
      26
      37
      30
      29
      25
      32
      40
      33
      33
      34
      26
      22
      38
      40
      38
      31
      36
      39
      40
      43
      42
      37
      35
      30
      32
      42
      49
      42
      31
      37
      37
      41
      42
      47
      43
      34
      36
      38
      38
      32
      56
      44
      43
      42
      40
      47
      33
      50
      50
      36
      56
      48
      51
      48
      54
      38
      43
      43
      51
      57
      49
      45
      41
      60
      60
      45
      53
      47
      50
      57
      53
      51
      48
      52
      56
      50
      45
      42
      62
      55
      60
      56
      46
      53
      54
      57
      64
      53
      59
      52
      48
      63
      49
      36
      63
      61
      61
      61
      69
      65
      50
      50
      68
      57
      52
      60
      63
      66
      68
      50
      66
      65
      46
      63
      56
      68
      79
      63
      71
      55
      47
      70
      66
      67
      53
      73
      65
      67
      65
      69
      62
      70
      86
      72
      55
      69
      76
      68
      66
      74
      80
      66
      73
      72
      69
      70
      71
      60
      79
      67
      88
      64
      66
      72
      77
      67
      70
      77
      74
      87
      67
      81
      78
      78
      83
      83
      72
      79
      66
     103
      78
      68
      71
      82
      77
      79
      76
      70
      85
      82
      78
      60
      68
      86
      80
      79
      94
      80
      81
      75
      80
      78
      78
      80
      79
      84
      87
      90
      83
      98
      77
      92
      95
      84
      80
      88
      94
      76
      75
      94
      77
      78
      71
      98
      83
      92
      82
      91
      92
      86
      69
      88
      92
      74
      84
      98
      94
      91
     113
      83
      91
      86
      98
      91
      74
      90
      89
      70
      94
      72
     110
     100
     112
      89
      95
     104
     101
      93
      92
      97
      93
     125
      95
      88
      98
      89
     102
      90
     107
      99
     109
     120
     108
     101
     119
     110
      99
     108
     100
     105
     127
     109
     110
     123
     118
     127
     115
     118
     129
     120
     114
     105
     122
     129
     118
     131
     128
     125
     125
     146
     132
     117
     108
     126
     117
     102
     154
     145
     130
     136
     130
     139
     144
     132
     133
     111
     144
     154
     166
     141
     131
     124
     136
     139
     172
     180
     148
     122
     150
     134
     159
     157
     167
     154
     177
     141
     155
     166
     168
     169
     174
     158
     152
     148
     193
     180
     169
     184
     185
     195
     192
     181
     174
     176
     204
     181
     175
     209
     213
     203
     218
     215
     204
     211
     216
     183
     221
     223
     208
     217
     226
     202
     209
     194
     215
     250
     222
     220
     237
     214
     218
     236
     235
     235
     235
     247
     222
     254
     232
     221
     237
     233
     258
     242
     224
     223
     252
     245
     259
     239
     261
     260
     249
     259
     224
     266
     257
     255
     280
     234
     275
     257
     245
     261
     256
     268
     244
     265
     265
     244
     256
     275
     276
     233
     276
     271
     258
     274
     280
     266
     276
     276
     287
     250
     263
     280
     245
     269
     266
     256
     259
     266
     281
     258
     228
     255
     257
     284
     235
     229
     259
     246
     278
     268
     268
     235
     247
     245
     255
     231
     235
     271
     238
     225
     266
     249
     255
     255
     257
     251
     232
     262
     238
     238
     258
     243
     233
     228
     239
     268
     280
     246
     234
     229
     234
     238
     252
     234
     239
     272
     260
     245
     252
     256
     276
     230
     251
     260
     263
     285
     244
     286
     241
     236
     238
     262
     234
     267
     234
     226
     255
     228
     257
     239
     248
     245
     252
     271
     260
     235
     256
     264
     262
     225
     267
     235
     236
     237
     238
     243
     237
     264
     248
     254
     243
     247
     240
     240
     229
     222
     273
     237
     216
     224
     257
     248
     246
     240
     239
     225
     267
     236
     245
     217
     246
     232
     247
     242
     245
     215
     223
     249
     230
     244
     233
     233
     219
     199
     232
     226
     214
     204
     225
     222
     200
     197
     218
     189
     223
     214
     159
     169
     187
     209
     188
     166
     178
     171
     180
     175
     192
     192
     169
     184
     172
     162
     169
     160
     155
     151
     139
     152
     165
     139
     144
     128
     161
     157
     154
     157
     131
     136
     139
     122
     121
     111
     116
     115
     101
     110
     121
     122
     123
     101
     130
     102
      98
      91
     115
      93
     108
     118
     110
      82
     103
      87
     109
      94
     115
     119
     122
     131
     148
     160
     195
     224
     267
     304
     332
     356
     399
     539
     557
     581
     596
     655
     656
     706
     772
     690
     717
     641
     604
     572
     605
     479
     437
     373
     355
     289
     223
     189
     180
     134
     108
      89
      78
      56
      46
      49
      22
      22
      15
      12
      14
       6
       5
       2
       2
       3
       2
       2
       1
       1
       0
       1
       0
       0
       5
       1
       1
       0
       1
       1
       2
       2
       0
       0
       1
       2
       0
       0
       0
       1
       3
       0
       0
       1
       1
       0
       0
       0
       1
       1
       2
       0
       1
       1
       1
       0
       1
       0
       0
       1
       0
       2
       0
       0
       0
       0
       0
       0
       0
       0
       0
       0
       0
       0
       0
       0
       0
       0
       0
       0
       0
       0
       0
       0
       0
       0
       0
       0
       0
       0
       0
       0
       0
       0
$ROI:
0
$PRESETS:
Live Time
120
0
$ENER_FIT:
0.022934 0.030717
$MCA_CAL:
3
2.293406E-002 3.071673E-002 0.000000E+000 keV
$SHAPE_CAL:
3
0.000000E+000 0.000000E+000 0.000000E+000
