$SPEC_ID:
No sample description was entered.
$SPEC_REM:
DET# 1
DETDESC# PHY-R11-68 MCB 129
AP# Maestro Version 7.01
$DATE_MEA:
03/15/2019 14:53:03
$MEAS_TIM:
120 123
$DATA:
0 2047
       0
       0
       0
       0
       0
       0
       0
       0
       0
       0
       0
       0
       0
       0
       0
       0
       0
       0
       0
       0
       0
       0
       0
       0
       0
       0
       0
       0
       0
       0
       0
       0
       0
       0
       0
       0
       0
       0
       0
       0
       0
       0
       0
       0
       0
       0
       0
       0
       0
     149
     447
     402
     397
     398
     408
     427
     397
     413
     392
     407
     377
     437
     402
     356
     380
     394
     372
     365
     347
     378
     408
     383
     374
     353
     345
     353
     335
     339
     364
     355
     377
     353
     375
     317
     371
     318
     335
     311
     332
     308
     332
     329
     312
     300
     280
     301
     301
     365
     319
     327
     352
     280
     317
     287
     304
     310
     338
     277
     304
     284
     312
     284
     304
     308
     304
     254
     319
     272
     274
     309
     296
     253
     282
     277
     292
     262
     272
     287
     263
     300
     314
     254
     313
     290
     293
     306
     268
     240
     287
     274
     285
     286
     299
     261
     272
     285
     279
     258
     294
     249
     246
     274
     300
     289
     307
     246
     253
     256
     258
     286
     272
     280
     277
     263
     225
     239
     275
     263
     255
     241
     288
     259
     235
     282
     258
     255
     262
     272
     229
     267
     275
     260
     272
     264
     265
     233
     241
     252
     255
     249
     274
     252
     241
     265
     278
     256
     272
     267
     261
     262
     247
     266
     287
     263
     280
     295
     298
     291
     271
     288
     284
     300
     288
     254
     244
     246
     248
     262
     288
     276
     246
     270
     293
     263
     280
     278
     268
     240
     280
     240
     219
     231
     271
     248
     252
     260
     246
     245
     251
     235
     234
     270
     235
     238
     258
     227
     227
     232
     248
     245
     221
     204
     222
     228
     244
     202
     243
     222
     216
     232
     221
     225
     227
     212
     217
     209
     203
     219
     217
     213
     222
     227
     196
     179
     228
     220
     207
     217
     220
     180
     192
     208
     221
     184
     207
     187
     189
     222
     203
     178
     180
     179
     197
     175
     185
     192
     187
     185
     165
     185
     162
     157
     154
     173
     160
     185
     167
     167
     167
     172
     171
     181
     144
     149
     175
     143
     143
     128
     150
     149
     125
     141
     138
     130
     132
     154
     132
     137
     135
     142
     122
     127
     108
     135
     127
     113
     103
     105
     120
     105
     115
     104
      88
     118
      96
      99
     110
     101
      90
      86
      93
     103
     103
      94
      80
     107
      83
      82
      99
      92
      71
      76
      68
      71
      68
      79
      76
      61
      72
      66
      68
      71
      80
      74
      52
      64
      69
      69
      57
      55
      55
      55
      66
      52
      45
      51
      56
      53
      41
      53
      55
      46
      44
      54
      39
      40
      53
      51
      55
      42
      39
      36
      53
      43
      38
      42
      27
      39
      36
      38
      38
      44
      27
      29
      46
      46
      25
      34
      33
      42
      45
      37
      36
      41
      37
      35
      37
      38
      31
      30
      36
      33
      38
      34
      30
      35
      44
      30
      22
      32
      25
      37
      37
      28
      40
      33
      33
      23
      26
      31
      39
      31
      38
      30
      29
      33
      32
      22
      30
      23
      33
      34
      26
      32
      27
      22
      37
      27
      31
      28
      24
      32
      33
      25
      14
      26
      29
      25
      18
      28
      19
      21
      22
      30
      27
      19
      15
      18
      14
      16
      22
      15
      17
      14
      20
      25
      24
      15
      25
      12
      13
      22
      17
      17
      24
      21
      19
      19
      18
      25
      25
      21
      21
      19
      19
      22
      32
      24
      22
      14
      27
      20
      19
      25
      28
      16
      22
      15
      30
      15
      26
      30
      25
      25
      29
      25
      28
      25
      28
      25
      31
      32
      23
      39
      34
      30
      23
      34
      38
      30
      30
      33
      34
      42
      28
      30
      48
      37
      27
      27
      36
      34
      32
      34
      34
      29
      21
      33
      41
      48
      49
      48
      53
      62
      53
      58
      52
      74
      55
      52
      62
      65
      49
      58
      48
      37
      45
      32
      22
      28
      21
      17
      17
      15
      14
      14
      16
      10
      20
       9
      14
      10
       9
      13
      10
      19
       8
      14
      12
      12
      12
       8
      15
      10
      13
       9
      10
      14
      14
      24
      19
      20
      16
      14
      17
      16
      13
      14
      17
      18
      11
      18
      13
      15
      20
      21
       8
      19
      15
      17
      19
      16
      22
      14
      15
      14
       9
      15
      17
       7
      20
      21
      11
      12
      12
      14
      20
      19
      12
      19
      15
      13
      13
      14
      19
      21
      16
      15
      22
      18
      21
      20
      27
      20
      25
      40
      25
      28
      31
      28
      36
      28
      28
      23
      22
      24
      24
      26
      20
      11
      18
      14
      17
      14
      16
      15
      19
      17
      15
      24
       7
      14
      17
      15
      15
      23
      12
      13
      10
      13
      14
      15
       8
      13
      14
      15
      11
      19
      20
      11
      21
      12
      15
       9
      16
      14
      11
       8
      14
       8
      12
      10
      11
      12
      14
      16
      10
       9
      11
       6
      13
      13
       8
       5
       9
       8
      13
      10
      12
      10
       8
       9
      12
      14
       8
      10
      11
      13
      12
      22
      10
       9
      18
      19
      23
      17
      13
      16
      30
      28
      27
      21
      30
      29
      35
      52
      55
      77
      80
      87
     135
     108
     116
     113
     130
     144
     134
     121
     127
     110
     100
     101
      73
      77
      66
      72
      48
      42
      49
      26
      27
      41
      19
      25
      26
      13
      14
      12
      17
      19
      14
      15
      22
      13
      13
      16
      10
      14
      11
      12
      18
       8
      14
      12
      10
      14
       8
      12
      14
      17
      12
      11
      14
      11
      10
       7
      14
      13
      12
      13
      15
      12
      14
      12
      12
      14
      14
      19
      18
      18
      16
      23
      19
      25
      33
      25
      23
      27
      34
      31
      29
      28
      22
      28
      23
      23
      18
      17
      16
      13
      21
      10
      11
      13
      18
      22
      12
      21
      23
      25
      19
      18
      24
      16
      23
      30
      31
      41
      36
      31
      36
      30
      28
      34
      26
      21
      29
      19
      19
      13
      12
      17
      14
      15
      17
      10
      15
      15
      24
      14
      14
      17
      13
       8
       9
      12
      13
      20
      13
      12
       4
       9
       8
       8
       7
       4
       6
       5
       7
       8
       6
       7
       9
       6
      10
       4
       8
       9
       9
       5
       8
       4
       9
      10
      10
      11
      13
       8
       7
       5
       6
      12
       3
       7
       9
      11
       8
      10
      13
       9
       8
      12
       9
      11
       8
       8
       7
       4
       6
       6
      10
      10
       7
      10
       7
       6
      13
      10
       8
       5
      13
      14
       2
       6
      12
       7
       5
       7
       5
       5
       8
       6
       9
       7
       8
      10
       8
       9
       7
       8
       9
      12
       9
      10
       7
      10
      11
       6
       7
      11
       8
       8
       9
      10
      12
       5
       7
       9
      10
      13
       9
      13
      12
       5
      11
      14
       6
      10
      13
      12
      11
       7
      12
       7
      11
      16
      10
       6
       9
      10
      15
       4
       8
      13
       7
      13
       7
       9
      12
       8
       7
       6
       8
      10
      10
       9
       9
      10
      12
      16
      10
      10
      12
       8
      12
      10
      15
      13
      12
      15
      11
      15
      21
       9
       7
      17
      13
      13
      13
      14
      14
      15
      12
       7
      15
      12
      17
       9
      13
      17
      16
      12
       9
      14
      14
      10
      12
       8
      14
      14
      16
      10
      14
      15
      18
      22
      10
      20
      17
      21
      14
      15
      14
      16
      13
      12
      16
      17
      22
      15
      15
      16
      17
      16
      11
      16
      15
      17
       8
      10
      15
      20
      14
      19
      21
      19
      22
      18
      13
      10
      12
      14
      15
      11
      18
      16
      27
      18
      18
      20
      25
      20
      17
      13
      17
      11
      11
      18
      25
      20
      16
      25
      17
      22
      27
      13
      18
      16
      20
      24
      21
      36
      26
      21
      29
      17
      20
      27
      24
      16
      12
      27
      22
      23
      40
      29
      19
      27
      27
      32
      26
      36
      28
      28
      33
      22
      20
      38
      21
      29
      33
      27
      30
      28
      32
      31
      26
      22
      22
      39
      25
      23
      27
      19
      36
      40
      22
      46
      24
      29
      28
      37
      32
      29
      24
      41
      43
      30
      36
      27
      25
      43
      28
      40
      43
      32
      39
      39
      31
      44
      33
      39
      32
      35
      42
      35
      39
      33
      41
      47
      29
      49
      34
      51
      43
      33
      38
      47
      40
      42
      43
      51
      29
      41
      44
      58
      42
      57
      46
      54
      45
      48
      51
      47
      60
      51
      39
      49
      58
      45
      38
      60
      58
      56
      40
      50
      53
      56
      45
      43
      56
      45
      58
      44
      45
      63
      51
      57
      61
      59
      60
      49
      50
      59
      76
      50
      58
      47
      64
      48
      52
      52
      67
      60
      61
      49
      62
      62
      57
      68
      72
      50
      60
      74
      63
      62
      66
      81
      65
      73
      77
      68
      88
      59
      82
      69
      71
      82
      89
      62
      65
      60
      75
      78
      74
      66
      78
      96
      65
      74
      77
      87
      79
      97
      71
      85
      78
      83
      70
      67
      76
      75
      90
      73
      80
      74
      81
      72
      84
      91
      95
     103
      79
      88
      89
     102
      83
      91
      88
     108
      98
      96
     117
      99
      99
      94
      97
      94
      97
     108
     100
      88
      88
     104
     105
      95
      93
     109
      99
     115
     105
     106
     100
     110
      98
     111
     107
     110
      99
     111
     106
      93
     131
      87
     126
     100
     124
     108
     113
     124
      95
     114
     125
     115
     115
     100
     120
     127
     120
     125
     123
     120
     109
     113
     131
     107
     132
     134
     148
     122
     123
     109
     123
     130
     104
     138
     120
     127
     116
     126
     126
     148
     134
     157
     131
     158
     132
     131
     129
     123
     110
     165
     119
     117
     130
     137
     145
     139
     149
     142
     138
     139
     168
     151
     176
     147
     155
     174
     141
     144
     159
     149
     159
     184
     154
     144
     138
     156
     169
     163
     157
     153
     136
     161
     166
     158
     157
     171
     171
     167
     175
     171
     157
     171
     170
     188
     157
     176
     180
     168
     198
     176
     192
     213
     224
     192
     206
     203
     230
     196
     205
     198
     206
     200
     197
     194
     218
     227
     203
     220
     196
     196
     213
     226
     242
     281
     221
     251
     225
     231
     240
     231
     266
     247
     271
     254
     277
     275
     283
     243
     249
     263
     258
     285
     269
     268
     259
     290
     300
     271
     306
     308
     305
     334
     317
     328
     341
     345
     314
     307
     331
     343
     362
     356
     371
     375
     369
     345
     375
     396
     389
     397
     385
     372
     377
     433
     405
     411
     435
     410
     425
     440
     423
     430
     456
     408
     451
     488
     411
     455
     426
     411
     478
     449
     430
     490
     435
     502
     452
     491
     441
     441
     469
     447
     451
     514
     423
     456
     455
     506
     447
     447
     469
     456
     434
     424
     407
     459
     464
     430
     415
     396
     418
     401
     428
     373
     387
     365
     403
     385
     361
     391
     347
     379
     381
     354
     312
     359
     338
     384
     336
     317
     302
     356
     325
     310
     342
     321
     284
     302
     304
     291
     309
     295
     308
     275
     301
     307
     276
     288
     273
     281
     285
     268
     286
     251
     273
     282
     270
     264
     249
     258
     259
     210
     236
     246
     262
     251
     253
     258
     233
     225
     262
     245
     235
     239
     255
     224
     244
     235
     242
     220
     228
     225
     241
     241
     247
     241
     226
     226
     254
     245
     214
     250
     247
     236
     229
     250
     213
     209
     227
     246
     222
     238
     222
     223
     259
     248
     219
     215
     231
     256
     235
     258
     252
     225
     261
     238
     262
     235
     238
     254
     236
     222
     237
     234
     241
     214
     234
     263
     242
     246
     263
     241
     230
     256
     239
     250
     249
     256
     244
     254
     251
     270
     239
     258
     269
     272
     248
     275
     244
     221
     254
     228
     274
     265
     258
     260
     273
     252
     256
     238
     259
     285
     234
     247
     240
     274
     263
     285
     261
     247
     265
     266
     263
     241
     257
     278
     253
     263
     262
     291
     272
     264
     277
     254
     249
     240
     246
     258
     263
     279
     279
     254
     283
     244
     280
     247
     256
     249
     275
     255
     276
     256
     287
     225
     267
     242
     265
     272
     236
     267
     257
     254
     279
     245
     282
     247
     262
     243
     226
     251
     253
     218
     258
     218
     220
     211
     245
     224
     231
     221
     240
     212
     203
     214
     234
     245
     242
     216
     185
     203
     192
     210
     221
     208
     208
     195
     199
     210
     205
     196
     201
     177
     182
     184
     166
     153
     181
     184
     176
     141
     161
     155
     174
     165
     151
     155
     162
     147
     140
     151
     139
     148
     123
     131
     117
     111
     146
     135
     136
     160
     134
     136
     112
     116
     138
     115
     116
     113
     110
     121
     110
     114
     104
     118
     125
     116
     141
     136
     128
     174
     159
     178
     204
     233
     271
     297
     307
     399
     421
     466
     556
     627
     642
     613
     729
     742
     723
     756
     728
     641
     601
     605
     513
     582
     421
     408
     357
     275
     272
     205
     164
     131
     111
     101
      88
      60
      43
      38
      31
      34
      26
      18
      11
      11
      11
       4
       6
       6
       1
       2
       1
       1
       3
       2
       4
       1
       0
       1
       1
       0
       1
       1
       1
       0
       4
       1
       0
       0
       1
       1
       1
       0
       1
       3
       3
       3
       0
       1
       1
       0
       2
       1
       0
       1
       0
       0
       0
       1
       1
       0
       0
       0
       1
       0
       0
       0
       0
       0
       0
       0
       0
       0
       0
       0
       0
       0
       0
       0
       0
       0
       0
       0
       0
       0
       0
       0
       0
       0
       0
       0
       0
       0
       0
       0
       0
       0
$ROI:
0
$PRESETS:
Live Time
120
0
$ENER_FIT:
0.022934 0.030717
$MCA_CAL:
3
2.293406E-002 3.071673E-002 0.000000E+000 keV
$SHAPE_CAL:
3
0.000000E+000 0.000000E+000 0.000000E+000
