$SPEC_ID:
No sample description was entered.
$SPEC_REM:
DET# 1
DETDESC# PHY-R11-68 MCB 129
AP# Maestro Version 7.01
$DATE_MEA:
03/15/2019 14:48:49
$MEAS_TIM:
120 128
$DATA:
0 2047
       0
       0
       0
       0
       0
       0
       0
       0
       0
       0
       0
       0
       0
       0
       0
       0
       0
       0
       0
       0
       0
       0
       0
       0
       0
       0
       0
       0
       0
       0
       0
       0
       0
       0
       0
       0
       0
       0
       0
       0
       0
       0
       0
       0
       0
       0
       0
       0
       0
     261
     790
     766
     795
     805
     727
     790
     777
     725
     716
     722
     750
     776
     767
     696
     750
     706
     714
     731
     678
     762
     718
     719
     714
     693
     637
     690
     675
     633
     706
     665
     648
     684
     674
     639
     660
     633
     614
     634
     583
     580
     585
     605
     612
     598
     621
     578
     608
     549
     588
     576
     581
     562
     567
     526
     564
     576
     587
     561
     541
     566
     547
     523
     559
     551
     549
     522
     539
     577
     527
     567
     490
     543
     509
     564
     539
     540
     551
     529
     517
     506
     561
     537
     499
     523
     538
     560
     544
     478
     529
     565
     517
     469
     489
     521
     544
     486
     497
     492
     466
     488
     516
     519
     554
     519
     458
     467
     504
     495
     490
     492
     559
     516
     480
     557
     460
     505
     486
     551
     493
     553
     456
     500
     494
     500
     491
     479
     516
     516
     525
     503
     530
     520
     499
     479
     486
     522
     463
     487
     521
     528
     493
     483
     499
     538
     529
     519
     503
     515
     514
     540
     505
     543
     498
     506
     545
     512
     555
     526
     534
     527
     580
     538
     559
     549
     528
     533
     498
     526
     510
     492
     561
     518
     484
     543
     541
     547
     533
     569
     569
     503
     520
     521
     517
     534
     550
     551
     563
     537
     503
     556
     565
     497
     537
     550
     569
     646
     699
     758
     806
     929
    1089
    1362
    1647
    2060
    2415
    2897
    3459
    3925
    4371
    4816
    4991
    5266
    5329
    5215
    5121
    4732
    4277
    3900
    3593
    3248
    2929
    2748
    2735
    2899
    3110
    3390
    3620
    4197
    4483
    4860
    4874
    5147
    5151
    5062
    4892
    4609
    4268
    3838
    3390
    3153
    2640
    2351
    2020
    1686
    1454
    1288
    1051
     928
     748
     643
     572
     556
     531
     492
     490
     478
     491
     515
     543
     568
     572
     601
     619
     608
     585
     556
     490
     452
     401
     383
     374
     339
     280
     261
     268
     240
     241
     256
     224
     230
     199
     188
     215
     201
     206
     211
     188
     193
     213
     198
     195
     195
     202
     177
     203
     155
     184
     163
     180
     181
     163
     178
     154
     152
     159
     152
     140
     163
     137
     154
     143
     132
     137
     141
     132
     137
     139
     103
     133
     133
     119
     119
     103
     124
     112
     120
     119
     101
      88
     103
     101
     100
      87
      98
     112
      94
     119
      92
      99
      88
     101
      91
      85
      91
      80
      94
      99
      88
      64
      95
      89
      69
      74
      83
      75
      76
      72
      88
      78
      77
      55
      87
      74
      70
      70
      73
      75
      72
      62
      84
      56
      89
      62
      89
      69
      74
      73
      77
      72
      63
      73
      62
      82
      87
      57
      86
      58
      73
      67
      66
      74
      59
      50
      75
      74
      69
      71
      86
     101
      88
      93
      92
      94
     117
     103
     100
      94
      96
      94
      81
      75
      65
      68
      58
      56
      51
      46
      57
      48
      47
      55
      38
      57
      54
      51
      39
      42
      50
      44
      46
      36
      44
      43
      39
      42
      42
      45
      43
      36
      50
      45
      35
      35
      41
      38
      32
      50
      45
      38
      47
      44
      54
      46
      48
      44
      42
      33
      40
      43
      47
      51
      50
      45
      59
      49
      56
      53
      60
      63
      54
      54
      54
      62
      80
      56
      60
      53
      46
      66
      57
      60
      64
      68
      45
      64
      62
      79
      84
      75
      83
      86
      95
      89
      80
      90
     102
     105
     101
     102
      96
     107
     111
     105
     103
      98
      92
      94
      94
     108
      85
      89
     110
     104
      89
      99
     135
     140
     149
     146
     126
     161
     174
     190
     172
     182
     185
     200
     169
     185
     177
     179
     173
     149
     126
     128
     125
      81
      78
      73
      69
      54
      51
      46
      39
      40
      38
      37
      44
      28
      32
      42
      26
      29
      24
      31
      27
      33
      37
      30
      33
      32
      33
      28
      36
      44
      38
      28
      36
      24
      32
      44
      45
      40
      45
      38
      39
      36
      39
      45
      48
      53
      53
      65
      53
      63
      64
      54
      68
      58
      68
      55
      50
      75
      54
      47
      59
      51
      45
      39
      54
      40
      44
      38
      58
      45
      42
      54
      43
      44
      45
      26
      34
      40
      39
      30
      36
      41
      42
      45
      43
      40
      59
      58
      62
      57
      79
      64
      56
      67
      70
      72
      48
      63
      46
      44
      55
      42
      47
      47
      44
      43
      40
      39
      33
      42
      35
      36
      45
      28
      33
      32
      42
      37
      37
      28
      27
      34
      31
      26
      25
      22
      35
      25
      33
      24
      19
      31
      23
      20
      24
      35
      30
      26
      27
      23
      20
      21
      29
      27
      25
      14
      20
      22
      30
      30
      25
      24
      28
      24
      19
      28
      20
      26
      29
      21
      19
      28
      30
      31
      32
      31
      28
      29
      22
      34
      29
      32
      36
      28
      35
      33
      44
      36
      35
      46
      45
      45
      47
      51
      49
      64
      72
      78
     102
      99
     114
     138
     142
     169
     160
     207
     249
     239
     250
     277
     245
     292
     292
     258
     250
     242
     210
     187
     210
     177
     139
     139
     127
      97
     105
      69
      88
      62
      60
      57
      35
      45
      51
      37
      35
      32
      36
      44
      35
      26
      43
      34
      38
      39
      34
      43
      20
      34
      27
      32
      26
      40
      30
      27
      40
      16
      31
      24
      25
      25
      22
      28
      21
      24
      31
      22
      23
      21
      25
      36
      32
      24
      33
      38
      31
      51
      50
      53
      53
      86
      66
      69
      53
      74
      61
      60
      61
      64
      42
      58
      39
      51
      31
      29
      36
      30
      37
      31
      24
      25
      25
      27
      36
      27
      41
      44
      53
      60
      49
      62
      67
      48
      71
      55
      56
      58
      46
      68
      53
      35
      42
      35
      43
      36
      28
      21
      26
      27
      29
      24
      25
      40
      21
      22
      18
      30
      10
      12
      19
      18
      24
      17
      19
      29
      20
      17
      21
      18
      21
      13
      14
      16
      15
      27
      17
      15
      15
      14
      22
      22
      33
      17
      17
      20
      19
      18
      16
      20
      10
      12
      15
      17
      12
      13
      17
      20
      22
      17
      13
      19
      16
      20
      18
      17
      21
      26
      10
      26
      21
      20
      16
      19
      22
      16
      19
      31
      28
      22
      25
      23
      14
      22
      20
      12
      21
      25
      15
      17
      23
      18
      24
      17
      23
      16
      19
      18
      23
      17
      17
      16
      14
       8
      12
      17
      16
      24
      14
      13
      14
      17
      18
      22
      13
      24
      14
      21
      27
      19
      21
      22
      18
      12
      16
      18
      19
      17
      18
      18
      17
      14
      23
      16
      24
      24
      23
      17
      20
      18
      21
      25
      24
      19
      13
      22
      19
      15
      19
      21
      19
      21
      21
      24
      18
      19
      22
      23
      22
      23
      24
      20
      19
      12
      18
      18
      15
      23
      23
      19
      18
      26
      13
      21
      14
      20
      36
      20
      24
      25
      17
      25
      26
      16
      24
      22
      25
      26
      30
      22
      26
      17
      24
      26
      19
      31
      22
      25
      23
      19
      22
      26
      22
      25
      28
      31
      24
      27
      22
      30
      23
      27
      28
      26
      28
      22
      30
      28
      22
      25
      27
      26
      31
      32
      30
      27
      32
      27
      33
      26
      21
      27
      24
      44
      36
      31
      35
      39
      31
      26
      33
      29
      25
      33
      31
      29
      39
      39
      33
      25
      34
      34
      35
      30
      34
      33
      25
      38
      34
      27
      28
      31
      27
      36
      31
      39
      43
      28
      41
      35
      39
      36
      48
      39
      33
      29
      38
      47
      48
      46
      29
      37
      44
      46
      33
      37
      54
      46
      50
      34
      38
      62
      47
      41
      49
      42
      44
      50
      51
      42
      54
      51
      54
      49
      42
      35
      61
      50
      48
      46
      60
      53
      46
      48
      51
      53
      58
      57
      52
      57
      59
      64
      62
      54
      55
      49
      42
      63
      70
      57
      65
      48
      55
      57
      55
      61
      57
      47
      64
      55
      60
      64
      60
      61
      79
      62
      59
      69
      58
      50
      59
      61
      53
      74
      63
      64
      71
      75
      60
      63
      74
      59
      70
      76
      71
      69
      56
      69
      64
      78
      68
      79
      75
      56
      71
      85
      79
      75
      73
      74
      74
      77
      83
      87
      76
      80
      89
      82
      84
      92
      75
      88
      79
      81
      78
      73
      96
      82
      88
     110
     104
      87
      96
      88
      89
      90
      78
      90
     118
      70
      88
     102
      99
      95
      91
      96
     104
      90
     101
     102
      93
     123
      98
      88
     115
     130
      92
     105
     100
      97
     110
     124
     123
     108
     114
     125
     117
     137
     120
     124
     118
     130
     135
     114
     127
     133
     109
     142
     126
     124
     122
     116
     138
     141
     146
     144
     150
     130
     137
     158
     153
     151
     155
     147
     152
     135
     156
     171
     134
     164
     159
     163
     145
     135
     201
     172
     145
     170
     150
     154
     178
     165
     168
     174
     170
     160
     181
     177
     197
     188
     187
     194
     187
     193
     193
     169
     205
     193
     192
     175
     196
     190
     176
     220
     172
     205
     183
     219
     196
     195
     207
     183
     198
     199
     211
     225
     217
     225
     212
     205
     194
     226
     218
     242
     210
     210
     226
     236
     251
     208
     231
     229
     240
     215
     225
     231
     226
     239
     260
     258
     215
     205
     235
     254
     214
     240
     266
     242
     246
     237
     247
     242
     240
     270
     232
     242
     257
     274
     282
     265
     258
     276
     245
     257
     245
     254
     271
     296
     259
     280
     272
     288
     289
     268
     273
     319
     288
     269
     308
     304
     308
     278
     309
     293
     274
     297
     281
     314
     311
     331
     306
     285
     356
     296
     336
     300
     351
     306
     350
     291
     275
     322
     312
     329
     363
     338
     374
     371
     353
     389
     372
     386
     361
     337
     348
     381
     412
     399
     401
     366
     436
     421
     395
     394
     411
     394
     429
     427
     463
     472
     428
     438
     446
     441
     486
     437
     506
     455
     508
     461
     542
     486
     500
     485
     518
     495
     543
     500
     567
     535
     587
     593
     583
     554
     615
     632
     593
     593
     638
     666
     665
     643
     643
     671
     668
     672
     695
     719
     699
     697
     693
     696
     739
     756
     773
     783
     784
     797
     809
     803
     838
     858
     892
     880
     917
     930
     938
     878
     949
     944
     984
     968
     962
    1015
    1089
    1130
    1096
    1111
    1159
    1133
    1151
    1181
    1153
    1217
    1225
    1270
    1220
    1236
    1231
    1232
    1349
    1324
    1330
    1289
    1386
    1334
    1340
    1376
    1366
    1404
    1422
    1386
    1374
    1412
    1356
    1421
    1316
    1314
    1422
    1459
    1411
    1381
    1396
    1369
    1329
    1285
    1310
    1299
    1234
    1193
    1261
    1167
    1165
    1218
    1148
    1143
    1084
    1118
    1085
    1080
    1033
     983
    1021
     963
    1003
     952
     941
     969
     890
     888
     874
     896
     879
     843
     823
     827
     797
     789
     797
     766
     747
     712
     716
     740
     705
     682
     693
     693
     668
     674
     669
     659
     657
     673
     651
     600
     677
     597
     629
     530
     621
     590
     531
     568
     592
     599
     522
     580
     520
     546
     565
     559
     486
     587
     533
     514
     493
     514
     462
     509
     539
     539
     504
     541
     496
     491
     484
     482
     491
     504
     485
     459
     471
     466
     467
     474
     452
     461
     461
     451
     445
     452
     437
     464
     404
     441
     438
     424
     431
     432
     411
     403
     482
     404
     407
     418
     430
     408
     382
     424
     418
     412
     403
     402
     391
     372
     378
     359
     343
     371
     342
     348
     342
     336
     368
     338
     335
     363
     360
     313
     311
     297
     310
     318
     338
     327
     331
     283
     293
     274
     308
     278
     282
     295
     282
     302
     300
     318
     259
     276
     248
     301
     263
     271
     263
     244
     272
     298
     265
     243
     245
     266
     234
     241
     229
     221
     240
     245
     227
     203
     244
     227
     240
     231
     241
     229
     222
     233
     227
     199
     240
     215
     188
     221
     209
     175
     225
     194
     223
     214
     214
     195
     205
     224
     203
     208
     197
     198
     183
     197
     183
     199
     211
     158
     172
     199
     217
     224
     173
     191
     180
     186
     168
     179
     189
     187
     162
     187
     182
     194
     175
     192
     191
     165
     183
     189
     186
     163
     162
     183
     180
     196
     194
     187
     180
     184
     176
     195
     179
     183
     173
     179
     189
     190
     183
     185
     171
     175
     188
     169
     195
     176
     180
     160
     169
     152
     170
     163
     141
     163
     173
     151
     146
     167
     155
     181
     164
     143
     154
     157
     167
     172
     142
     158
     159
     146
     146
     133
     133
     154
     159
     170
     183
     148
     159
     173
     179
     198
     226
     280
     297
     354
     359
     432
     548
     585
     701
     877
     938
     989
    1085
    1109
    1250
    1313
    1373
    1330
    1390
    1358
    1359
    1229
    1183
    1096
     991
     894
     809
     701
     606
     517
     419
     349
     361
     249
     204
     200
     144
     106
      79
      77
      55
      53
      43
      33
      19
      21
      19
       7
       5
      10
       7
       7
       5
       4
       7
       3
       3
       5
       7
       3
       8
       7
       3
       1
       3
       2
       3
       6
       1
       3
       1
       4
       5
       3
       2
       3
       3
       2
       5
       2
       7
       3
       1
       1
       0
       2
       3
       3
       3
       3
       4
       6
       5
       0
       3
       0
       0
       0
       0
       0
       0
       0
       0
       0
       0
       0
       0
       0
       0
       0
       0
       0
       0
       0
       0
       0
       0
       0
       0
       0
       0
       0
       0
       0
       0
       0
       0
$ROI:
0
$PRESETS:
Live Time
120
0
$ENER_FIT:
0.022934 0.030717
$MCA_CAL:
3
2.293406E-002 3.071673E-002 0.000000E+000 keV
$SHAPE_CAL:
3
0.000000E+000 0.000000E+000 0.000000E+000
