$SPEC_ID:
No sample description was entered.
$SPEC_REM:
DET# 1
DETDESC# PHY-R11-68 MCB 129
AP# Maestro Version 7.01
$DATE_MEA:
03/15/2019 15:19:21
$MEAS_TIM:
120 122
$DATA:
0 2047
       0
       0
       0
       0
       0
       0
       0
       0
       0
       0
       0
       0
       0
       0
       0
       0
       0
       0
       0
       0
       0
       0
       0
       0
       0
       0
       0
       0
       0
       0
       0
       0
       0
       0
       0
       0
       0
       0
       0
       0
       0
       0
       0
       0
       0
       0
       0
       0
       0
     108
     304
     321
     273
     311
     306
     291
     292
     339
     292
     289
     309
     295
     265
     316
     315
     309
     278
     286
     274
     298
     288
     275
     275
     260
     279
     262
     278
     275
     276
     263
     250
     265
     253
     286
     230
     246
     227
     276
     285
     266
     256
     253
     223
     270
     279
     267
     253
     239
     212
     228
     235
     242
     240
     223
     222
     243
     254
     227
     230
     216
     201
     252
     235
     234
     235
     225
     224
     215
     227
     218
     241
     221
     214
     226
     217
     235
     200
     230
     221
     211
     208
     204
     210
     197
     193
     209
     210
     214
     233
     231
     188
     201
     214
     220
     216
     187
     204
     185
     195
     191
     176
     195
     175
     202
     183
     205
     221
     183
     203
     195
     206
     203
     213
     192
     186
     202
     200
     176
     189
     201
     188
     176
     193
     203
     207
     189
     198
     193
     171
     199
     183
     196
     176
     195
     205
     169
     190
     187
     169
     180
     185
     173
     206
     197
     196
     194
     174
     177
     192
     185
     205
     188
     165
     214
     183
     200
     191
     163
     175
     182
     190
     183
     189
     179
     214
     191
     192
     193
     185
     195
     183
     191
     193
     193
     195
     202
     177
     201
     224
     166
     166
     185
     177
     182
     187
     170
     199
     171
     168
     197
     206
     172
     206
     184
     193
     170
     169
     192
     202
     194
     205
     209
     201
     199
     199
     203
     186
     185
     226
     205
     228
     230
     200
     211
     197
     213
     195
     189
     174
     208
     206
     217
     193
     215
     219
     207
     226
     216
     205
     240
     229
     196
     235
     207
     236
     216
     207
     193
     191
     174
     184
     173
     155
     151
     145
     179
     153
     147
     143
     142
     148
     161
     142
     152
     119
     143
     132
     160
     162
     150
     133
     132
     132
     143
     116
     111
     148
     125
     130
     120
     132
     132
      98
     112
     112
     118
     127
     120
     118
     119
     112
     117
     105
     108
     121
     100
     110
      96
     100
     117
      95
      85
      89
      88
      97
     101
      94
      93
      80
      69
      85
      83
      81
      83
      91
      90
      68
      70
      85
      73
      75
      65
      73
      63
      53
      80
      63
      63
      55
      63
      55
      58
      58
      65
      46
      55
      53
      51
      54
      60
      53
      43
      47
      53
      47
      42
      45
      49
      56
      48
      37
      43
      36
      34
      44
      48
      43
      40
      51
      40
      25
      39
      39
      33
      39
      34
      40
      22
      36
      29
      48
      36
      33
      32
      35
      29
      36
      34
      28
      46
      41
      28
      33
      31
      32
      31
      22
      32
      30
      30
      41
      37
      25
      26
      28
      21
      26
      24
      20
      30
      19
      27
      20
      19
      20
      18
      21
      34
      24
      14
      18
      27
      21
      25
      31
      22
      23
      26
      20
      13
      19
      17
      22
      22
      21
      19
      25
      23
      27
      24
      22
      25
      23
      16
      16
      23
      25
      16
      16
      21
      15
      14
      22
      17
      19
      27
      20
      20
      24
      19
      17
      15
      17
      24
      16
      26
      21
      30
      29
      45
      36
      70
      88
      95
     118
     161
     194
     174
     210
     232
     271
     294
     275
     286
     253
     279
     257
     245
     207
     161
     151
     143
     103
      88
      67
      41
      36
      31
      33
      25
      17
      18
      16
       9
      18
       9
      15
      10
      21
      12
      19
      15
      19
      10
       8
      18
      13
      16
       9
       9
      14
      11
      17
      13
      20
      16
      13
      22
      20
      21
      23
      30
      29
      30
      37
      34
      35
      49
      45
      55
      56
      53
      68
      82
      66
      66
      86
      65
      46
      62
      53
      57
      53
      37
      29
      26
      20
      30
      22
      22
      10
      14
      18
       7
      12
      17
       5
       6
       9
       7
      11
       8
       7
       2
       9
       9
       8
       6
      10
       2
       7
       8
      11
       7
       7
       7
       7
      12
       4
       8
       4
      11
       8
       9
       4
       5
       7
       7
       6
       4
       4
      11
       6
       4
      10
       6
      10
      10
       4
       4
      10
      10
      11
       6
       3
       3
      12
      11
       6
       6
       6
       7
      10
       6
       5
       7
       6
       2
       8
      12
       5
       8
       9
       3
      10
       8
       4
       4
       5
       6
      12
       6
       8
       5
       9
       6
       7
       7
       6
       4
       6
       7
       7
       4
       6
       1
       7
       6
       9
       5
      10
      11
      11
       7
       5
       5
       5
       6
       6
      10
       1
       5
       7
       5
       8
       5
       6
       8
       8
       8
       2
       6
      10
       6
       6
      14
       7
       5
       8
       6
      10
       6
       9
       7
       5
       8
       6
       9
       6
       5
       6
      10
       7
       4
       4
       8
       5
       7
       7
      10
       3
       7
       6
      13
       5
       9
       7
       7
       5
       7
       8
      10
       9
       6
       5
       7
       5
      11
      10
       4
      11
       9
       9
      10
       6
      15
      12
      11
      10
       9
      15
      22
      26
      38
      38
      31
      46
      55
      51
      61
      59
      74
      62
      86
      82
      92
      81
      87
      94
      74
      66
      72
      58
      51
      50
      34
      45
      35
      24
      21
      23
      13
      10
       6
       7
      11
       8
      10
       6
      10
      13
      10
      12
       7
      11
       7
       8
      11
       5
      11
       9
       8
       8
       6
      14
      14
       8
       6
       6
       6
       9
       7
       5
       6
       5
       7
       7
       7
       6
       4
       3
      12
       1
       4
       6
      13
       6
       8
       6
       4
       1
      12
      10
       6
       5
       9
       7
       4
       7
       5
       4
       4
       8
      10
      11
       2
      12
       8
       5
       6
       4
       4
       6
       8
       8
      15
      10
      10
      16
      15
       9
      15
      21
      22
      31
      20
      18
      23
      25
      21
      28
      20
      17
      26
      14
      13
      13
      21
      11
       6
      13
       9
       9
       9
      10
      10
      13
       7
      14
      16
       3
       7
       7
       5
       9
       4
       8
       5
       5
       4
       6
       8
      10
      12
       4
       6
       5
       8
       6
       9
       6
       5
       4
       8
      10
       7
       7
       7
       8
       9
       6
       6
       3
       6
       6
       6
       7
       9
       2
       6
       5
       2
       5
       7
       7
       6
       6
       3
       9
       4
       8
       7
       7
       9
       8
       9
       7
       8
       4
       4
       3
       6
       6
       4
       2
       6
       4
       4
       7
      10
       9
       5
      12
       7
       5
       8
       6
       9
       9
       5
       8
      10
       3
       8
      10
       6
       3
       6
       4
       2
       5
       3
       5
       3
       7
       4
       3
       8
       9
       6
       5
       6
       5
       4
      10
       7
       7
      10
       7
       6
       7
      10
       7
       7
       9
       5
       7
       8
      13
       8
       8
       5
       9
       5
       4
      17
       7
       6
       7
       4
       7
       6
       5
       3
       3
       6
       9
      10
      10
       8
      13
      10
       7
       2
       8
       6
       6
       3
       3
       9
      11
      11
       9
       8
       8
       9
       7
      10
       2
       7
       7
       4
       9
       5
       7
       8
       5
       4
       7
       5
       5
       8
       8
       4
       7
      11
       7
      14
       8
       7
       6
       3
      14
       9
      13
       6
       9
       3
      12
       9
       7
       7
      12
      10
      13
       6
       9
       8
       8
      11
       3
      12
      12
       9
      11
      12
       9
       9
      11
      10
      20
      12
       8
      10
       8
      12
      13
      15
      12
       8
      14
       9
      17
      10
       7
       7
      11
       6
      11
      13
      12
      15
      18
      11
      11
      11
       8
       9
      15
      12
      17
      11
      15
       7
      12
      11
      12
      17
      13
      11
      16
      15
      14
      17
      12
      14
      19
      16
      18
      13
      14
      12
      17
      15
      16
      22
      15
      15
       9
      15
      13
       5
      10
      19
      18
      10
      10
      22
      14
      16
      14
      16
      13
      19
      19
      18
      15
      20
      23
      16
      16
      17
      15
      26
      27
      17
      10
      12
      22
      16
      16
      15
      14
      21
      26
      17
      19
      20
      22
      16
      30
      22
      12
      18
      27
      20
      12
      20
      14
      16
      21
      27
      16
      25
      26
      21
      19
      26
      26
      29
      24
      14
      19
      14
      29
      17
      29
      18
      17
      20
      28
      24
      23
      35
      20
      22
      20
      25
      25
      31
      29
      17
      34
      23
      28
      35
      17
      24
      32
      24
      32
      27
      27
      25
      26
      24
      35
      18
      33
      22
      30
      27
      22
      30
      31
      26
      31
      25
      37
      26
      34
      31
      36
      41
      30
      43
      31
      32
      30
      43
      38
      32
      33
      33
      29
      41
      32
      39
      28
      34
      32
      36
      32
      43
      48
      26
      32
      38
      40
      45
      33
      40
      25
      35
      39
      40
      42
      31
      45
      52
      48
      29
      44
      38
      45
      56
      47
      55
      42
      41
      39
      44
      39
      58
      37
      47
      48
      56
      51
      49
      54
      52
      43
      48
      58
      56
      41
      48
      52
      53
      44
      48
      47
      45
      48
      52
      43
      69
      47
      50
      59
      44
      42
      52
      50
      35
      41
      64
      74
      67
      66
      44
      37
      54
      48
      44
      67
      55
      66
      73
      73
      60
      62
      58
      57
      63
      53
      60
      64
      63
      60
      66
      79
      56
      56
      58
      59
      65
      53
      60
      57
      69
      70
      59
      63
      64
      60
      65
      67
      53
      70
      73
      67
      53
      67
      69
      73
      61
      74
      59
      44
      74
      57
      73
      74
      66
      60
      72
      62
      73
      61
      61
      76
      66
      81
      71
      69
      70
      71
      74
      87
      72
      72
      96
      77
      68
      81
      75
      79
      76
      71
      81
      62
      82
      66
      67
      85
      80
      76
      66
     101
      75
      81
      71
      70
      84
      84
      82
      87
      62
      84
      79
      87
      58
      75
     103
      88
      73
      86
      88
      90
      87
      90
      75
      92
     111
      95
      92
      88
      91
      86
      77
      74
      98
      80
     101
      97
      93
      77
      71
      93
      92
     101
      88
      78
     105
      98
     103
     106
      94
      90
     105
     109
      89
     110
      79
      95
      91
      71
     105
      97
     109
     104
      96
     106
      85
      95
     114
      96
      84
      91
     114
     112
      86
     104
     105
     105
      91
      98
     102
     106
     113
     110
      80
     111
     102
     101
     107
     125
     119
     123
     143
     108
     113
     126
     121
      93
     106
     110
     127
     112
     123
     122
     112
     104
     126
     129
     117
     114
     148
     136
     136
     133
     140
     141
     139
     129
     130
     112
     129
     144
     136
     131
     133
     149
     122
     127
     150
     151
     149
     133
     138
     134
     117
     151
     161
     165
     158
     163
     152
     173
     156
     152
     172
     171
     168
     178
     168
     169
     157
     189
     198
     182
     206
     173
     208
     196
     207
     182
     199
     196
     200
     188
     220
     190
     212
     224
     236
     215
     210
     226
     203
     199
     229
     221
     200
     218
     207
     212
     225
     241
     226
     234
     247
     242
     218
     220
     241
     245
     262
     243
     225
     242
     234
     214
     242
     258
     248
     259
     243
     245
     260
     237
     241
     279
     243
     256
     216
     290
     235
     289
     252
     271
     276
     244
     237
     265
     225
     271
     234
     272
     252
     253
     246
     261
     261
     241
     250
     287
     266
     258
     262
     244
     236
     258
     246
     265
     266
     263
     262
     228
     264
     240
     232
     249
     267
     239
     265
     240
     255
     261
     236
     257
     256
     241
     247
     244
     281
     251
     265
     252
     248
     252
     243
     247
     250
     241
     263
     226
     225
     269
     250
     219
     231
     224
     254
     239
     237
     252
     247
     205
     247
     230
     225
     227
     251
     244
     238
     223
     249
     255
     260
     242
     221
     246
     257
     236
     245
     230
     245
     270
     274
     259
     259
     280
     249
     260
     242
     245
     240
     255
     231
     225
     234
     254
     229
     270
     258
     245
     275
     234
     250
     258
     229
     233
     253
     253
     202
     253
     214
     255
     200
     246
     268
     244
     232
     248
     241
     259
     230
     241
     255
     260
     226
     247
     247
     227
     236
     231
     220
     247
     201
     226
     231
     294
     206
     232
     243
     243
     237
     249
     229
     241
     227
     222
     254
     233
     211
     249
     219
     254
     229
     205
     238
     234
     220
     206
     225
     212
     218
     208
     212
     188
     204
     200
     231
     199
     217
     197
     171
     191
     191
     188
     178
     179
     169
     194
     183
     164
     171
     196
     151
     171
     169
     161
     166
     166
     155
     172
     167
     150
     151
     144
     144
     144
     167
     150
     166
     149
     149
     125
     121
     129
     126
     114
     116
     123
     133
     102
      98
     124
     113
     128
      90
     115
     103
     114
     111
     118
     126
      94
     100
     108
      76
      97
     102
      91
     109
     106
     131
     122
     126
     171
     163
     190
     227
     217
     263
     353
     339
     423
     442
     532
     583
     630
     620
     664
     744
     742
     673
     733
     639
     662
     593
     541
     506
     427
     372
     352
     281
     229
     219
     150
     142
     111
     101
      74
      55
      41
      52
      32
      22
      15
       8
       5
       7
       9
      11
       2
       2
       6
       4
       2
       1
       1
       1
       3
       1
       1
       0
       2
       0
       2
       0
       2
       1
       2
       0
       1
       0
       0
       1
       1
       1
       1
       1
       0
       1
       0
       3
       0
       2
       1
       0
       1
       0
       0
       4
       1
       1
       2
       0
       3
       0
       0
       0
       0
       0
       0
       0
       0
       0
       0
       0
       0
       0
       0
       0
       0
       0
       0
       0
       0
       0
       0
       0
       0
       0
       0
       0
       0
       0
       0
       0
       0
       0
       0
       0
$ROI:
0
$PRESETS:
Live Time
120
0
$ENER_FIT:
0.022934 0.030717
$MCA_CAL:
3
2.293406E-002 3.071673E-002 0.000000E+000 keV
$SHAPE_CAL:
3
0.000000E+000 0.000000E+000 0.000000E+000
