$SPEC_ID:
No sample description was entered.
$SPEC_REM:
DET# 1
DETDESC# PHY-R11-68 MCB 129
AP# Maestro Version 7.01
$DATE_MEA:
03/15/2019 15:03:31
$MEAS_TIM:
120 123
$DATA:
0 2047
       0
       0
       0
       0
       0
       0
       0
       0
       0
       0
       0
       0
       0
       0
       0
       0
       0
       0
       0
       0
       0
       0
       0
       0
       0
       0
       0
       0
       0
       0
       0
       0
       0
       0
       0
       0
       0
       0
       0
       0
       0
       0
       0
       0
       0
       0
       0
       0
       0
     135
     368
     381
     344
     362
     356
     352
     329
     365
     353
     353
     375
     363
     399
     370
     354
     348
     347
     350
     373
     363
     353
     308
     346
     334
     337
     311
     367
     331
     329
     297
     311
     333
     313
     334
     347
     330
     303
     359
     307
     301
     321
     264
     307
     279
     297
     257
     287
     253
     241
     337
     288
     260
     280
     302
     276
     270
     269
     266
     282
     303
     297
     274
     269
     294
     240
     263
     231
     298
     261
     261
     237
     269
     273
     289
     260
     256
     290
     262
     261
     245
     240
     256
     234
     248
     255
     244
     241
     241
     252
     233
     249
     243
     264
     255
     202
     268
     232
     225
     252
     256
     260
     244
     235
     226
     225
     252
     226
     235
     224
     237
     239
     216
     259
     231
     228
     236
     245
     222
     237
     255
     256
     253
     262
     230
     249
     254
     227
     224
     221
     257
     244
     223
     251
     244
     235
     257
     227
     269
     241
     247
     253
     236
     227
     227
     227
     258
     251
     268
     254
     234
     249
     270
     248
     241
     254
     255
     216
     249
     245
     251
     240
     235
     241
     225
     249
     227
     209
     253
     248
     244
     223
     260
     237
     235
     232
     242
     214
     236
     232
     220
     279
     224
     240
     231
     241
     247
     260
     234
     260
     249
     276
     271
     269
     289
     289
     279
     257
     323
     317
     329
     381
     456
     528
     584
     687
     783
     911
    1024
    1185
    1238
    1342
    1335
    1328
    1314
    1268
    1180
    1026
     937
     844
     678
     562
     547
     378
     364
     317
     283
     252
     232
     241
     192
     178
     175
     178
     180
     178
     172
     164
     170
     164
     165
     138
     167
     173
     164
     179
     163
     149
     177
     187
     158
     169
     135
     144
     139
     143
     139
     154
     125
     133
     158
     141
     143
     129
     130
     151
     121
     147
     140
     133
     147
     127
     115
     121
     114
     117
     131
     100
     119
     115
     111
     101
     124
     105
      89
     104
     107
     109
      99
     100
      94
      79
      99
      98
     107
     101
     108
      85
      90
     111
      85
      76
     104
      97
      79
      73
      93
      78
      91
      84
      77
      89
      77
      81
      83
      54
      63
      70
      80
      61
      64
      67
      74
      68
      64
      58
      55
      50
      50
      45
      55
      50
      57
      60
      46
      52
      55
      51
      49
      38
      43
      58
      47
      51
      43
      47
      43
      54
      45
      36
      40
      40
      39
      38
      43
      43
      39
      41
      37
      37
      40
      34
      43
      42
      36
      43
      26
      31
      41
      33
      44
      27
      27
      23
      41
      32
      31
      40
      32
      37
      26
      28
      33
      40
      31
      36
      26
      30
      29
      26
      29
      26
      29
      29
      31
      30
      22
      17
      30
      26
      28
      22
      29
      33
      22
      37
      20
      35
      25
      33
      24
      38
      19
      23
      26
      27
      23
      19
      23
      30
      27
      23
      23
      21
      14
      10
      23
      23
      24
      18
      16
      20
      17
      22
      23
      22
      21
      15
      25
      23
      21
      14
      19
      20
      21
      27
      20
      17
      19
      28
      21
      33
      23
      15
      22
      21
      13
      21
      19
      24
      19
      19
      23
      26
      22
      14
      15
      22
      11
      15
      20
      24
      17
      19
      17
      16
      19
      17
      19
      13
      11
      16
      20
      19
      24
      18
      23
      21
      18
      18
      26
      22
      32
      19
      20
      26
      23
      27
      26
      29
      26
      29
      14
      28
      26
      15
      21
      32
      29
      22
      16
      20
      22
      27
      26
      26
      26
      31
      25
      33
      31
      29
      30
      38
      41
      38
      42
      54
      35
      52
      44
      41
      38
      25
      28
      37
      30
      26
      25
      28
      22
      15
      14
       8
      10
       8
      16
       8
      12
       6
      12
      15
      13
       8
      12
      15
      16
       7
      12
      12
       7
      15
       9
      11
      13
      11
       8
       8
      18
       6
      11
       8
      11
      13
       2
      17
      11
       4
      16
      14
      11
      15
      11
      13
      16
      16
      11
      13
      15
       8
      15
      16
      14
      12
       9
      20
      15
      18
      16
      10
      13
      10
      11
       9
      19
      11
       9
       6
       6
      14
       9
      14
      10
      11
       9
      10
       8
      10
      12
      14
      14
      18
      18
      23
      23
      16
      23
      18
      20
      23
      34
      15
      20
      21
      20
      14
      18
      14
      10
      13
      10
      15
       9
      17
      21
      23
      13
      14
      14
      11
      12
      15
      11
      12
      15
      16
      14
      12
       5
      10
       8
       8
       6
      10
      14
       9
      13
      18
       7
       8
       9
       4
       8
       8
      15
      15
      15
      10
      18
       6
      17
       8
      11
      11
       9
      11
      13
      12
      13
       8
       7
       7
      11
      10
      11
       2
      16
       6
      11
       9
       8
      11
       9
      16
      15
      18
       9
      15
      14
      14
      13
       7
      12
      15
      14
      14
      17
       9
      15
      19
      21
      27
      29
      32
      39
      40
      57
      54
      67
      78
      81
      81
     104
     102
     104
     123
     111
     107
     141
     101
      95
     113
      89
      84
      70
      53
      60
      47
      50
      33
      32
      23
      24
      18
      17
      15
      21
       9
      12
      21
      12
      12
      14
       9
      10
      15
      15
      18
       5
      16
      12
      20
       5
      14
      12
      14
      17
      10
      11
       8
      11
       6
      17
      13
      10
       9
       6
      14
      11
      10
       6
      11
      10
      12
      16
      14
       9
       7
      13
      16
      18
      19
      24
      24
      21
      18
      26
      33
      23
      15
      23
      20
      20
      28
      22
      16
      18
      21
      11
      18
      21
       9
      13
      11
      11
      11
       9
      13
      13
       9
      20
      13
      15
      28
      22
      40
      28
      35
      24
      26
      34
      27
      21
      17
      19
      11
      17
      17
      24
      18
      18
      15
      11
       8
      14
      11
       8
      10
      11
       7
      15
      10
      12
      12
       8
       5
      14
      17
       9
       5
       9
       5
       9
       6
      11
       3
       6
       3
       4
      12
       9
      11
       7
       4
      13
      10
      11
       9
       8
       7
       8
       9
       7
       9
       2
      10
       4
       8
       7
      12
       8
       5
       5
      10
       6
       8
       6
       7
      10
       6
       4
       7
       6
       7
       4
      12
       7
       6
       6
      11
       3
       8
       5
      10
       4
       5
       6
       9
       6
       7
       5
       2
       7
      10
       7
       7
       9
       7
       8
       9
      12
       9
       4
      10
       7
      11
       8
       9
       9
       8
       5
       5
      14
       5
       9
      13
       7
       4
      11
       4
       5
      10
       6
       9
       8
       4
       6
      11
       7
       7
       5
       9
       8
      18
       6
       9
       8
       3
       9
      12
      13
      12
       7
       6
       5
      13
       6
      11
       7
      13
      11
      10
       7
      13
      10
      12
       8
      16
       6
      10
      11
      14
       6
       6
      11
      16
       7
       9
       7
      10
       7
       8
       8
       9
      10
       9
      16
      13
      13
      10
      12
      14
       5
      14
      12
      18
      11
      13
       9
      15
      10
      13
      13
       9
      13
      16
      18
      13
       6
      14
       8
       5
      13
      13
      14
      14
       9
      14
      12
      13
      11
      13
      17
       9
      19
      15
      16
      12
      10
      14
      13
      11
      15
       8
      16
      17
      14
      10
       7
      16
      15
      17
      13
      12
      14
      22
      17
      14
      13
       8
      12
      13
      11
      14
      19
      19
      18
      20
      17
      11
      24
      19
      16
      25
      18
      12
      17
      23
      10
      15
      19
      19
      18
      20
      20
      17
      17
      19
      18
      18
      11
      15
      22
      19
      15
      17
      18
      18
      24
      26
      17
      19
      21
      27
      17
      19
      23
      13
      24
      18
      18
      24
      29
      21
      22
      22
      33
      22
      18
      23
      19
      22
      27
      27
      25
      24
      30
      25
      26
      30
      29
      26
      22
      18
      17
      18
      33
      21
      23
      33
      22
      32
      24
      33
      38
      27
      30
      30
      32
      27
      29
      24
      28
      25
      27
      35
      29
      38
      26
      31
      33
      39
      31
      33
      23
      33
      36
      36
      38
      41
      40
      39
      40
      34
      32
      44
      38
      34
      41
      40
      45
      47
      29
      26
      33
      42
      27
      32
      30
      32
      36
      51
      26
      36
      32
      40
      36
      35
      46
      37
      61
      35
      44
      48
      41
      48
      49
      38
      37
      52
      49
      37
      42
      36
      33
      59
      44
      37
      49
      56
      49
      50
      52
      59
      30
      53
      43
      53
      48
      57
      52
      54
      52
      53
      56
      49
      43
      50
      45
      48
      59
      52
      61
      55
      80
      46
      59
      58
      52
      65
      63
      56
      54
      71
      61
      66
      59
      54
      65
      66
      57
      63
      61
      60
      71
      69
      61
      73
      63
      64
      76
      61
      73
      74
      74
      71
      57
      76
      66
      67
      76
      78
      62
      78
      76
      70
      77
      62
      63
      69
      84
      78
      90
      87
      64
      84
      73
     102
      78
      85
      81
      86
      69
      81
      79
      87
      80
      79
      67
      80
      65
      88
      78
      89
      98
      98
      88
      96
      89
      88
      88
      80
      85
      80
      80
      95
     107
      91
      90
      82
      87
      75
     104
     100
      94
      84
      74
      89
      92
     115
      90
      91
     103
     110
      87
     110
     105
     114
     100
      96
      95
     103
     128
      96
     113
     103
      93
      85
     112
     114
     110
     108
     102
     114
     117
     109
     122
     108
     118
     126
      97
     119
      96
     102
     126
     126
     137
     121
     126
     114
     115
     123
     125
     150
     133
     121
     126
     136
     120
     124
     151
     124
     120
     134
     121
     116
     124
     124
     133
     124
     132
     120
     135
     115
     147
     150
     151
     145
     127
     140
     133
     129
     149
     132
     132
     155
     147
     128
     137
     178
     161
     157
     128
     148
     153
     160
     165
     155
     147
     155
     133
     142
     151
     170
     198
     171
     161
     182
     178
     148
     174
     178
     151
     168
     204
     157
     178
     175
     174
     172
     206
     194
     199
     184
     171
     207
     180
     203
     186
     202
     186
     197
     229
     193
     207
     202
     196
     173
     202
     222
     212
     217
     218
     222
     210
     196
     216
     212
     269
     246
     238
     248
     276
     239
     260
     272
     267
     290
     252
     275
     269
     265
     305
     280
     276
     287
     289
     267
     304
     307
     305
     308
     314
     304
     362
     331
     334
     298
     330
     351
     364
     351
     341
     322
     357
     354
     366
     365
     394
     388
     386
     369
     386
     393
     430
     394
     402
     429
     426
     411
     368
     423
     465
     445
     439
     432
     407
     444
     421
     403
     441
     435
     399
     445
     439
     405
     413
     453
     403
     448
     420
     421
     446
     416
     454
     422
     410
     430
     406
     439
     416
     369
     397
     362
     385
     354
     336
     371
     387
     370
     367
     341
     379
     360
     334
     315
     344
     303
     344
     337
     348
     322
     321
     335
     313
     335
     296
     305
     288
     329
     269
     289
     258
     289
     270
     288
     290
     257
     243
     246
     276
     276
     261
     258
     237
     257
     269
     288
     264
     246
     246
     230
     254
     241
     221
     212
     262
     216
     229
     258
     235
     231
     235
     234
     201
     201
     207
     200
     221
     258
     239
     234
     204
     233
     237
     224
     227
     235
     243
     236
     230
     237
     212
     212
     238
     244
     215
     208
     219
     221
     231
     253
     209
     244
     222
     218
     198
     233
     229
     230
     191
     222
     226
     214
     227
     210
     193
     227
     217
     232
     215
     204
     234
     251
     219
     230
     217
     213
     223
     234
     236
     219
     214
     253
     215
     241
     214
     253
     252
     220
     260
     211
     265
     260
     242
     241
     219
     220
     228
     241
     223
     265
     240
     258
     218
     237
     229
     242
     238
     215
     252
     249
     229
     239
     228
     251
     247
     203
     228
     234
     259
     216
     234
     249
     234
     239
     213
     254
     227
     219
     204
     255
     240
     246
     251
     234
     214
     219
     260
     225
     217
     251
     235
     224
     241
     239
     219
     233
     211
     191
     221
     232
     223
     197
     237
     233
     238
     220
     175
     213
     223
     208
     215
     222
     207
     226
     214
     220
     223
     205
     206
     195
     206
     220
     197
     205
     193
     180
     222
     191
     211
     200
     170
     187
     170
     224
     180
     176
     190
     186
     189
     187
     170
     169
     189
     163
     187
     148
     188
     159
     197
     170
     181
     161
     162
     134
     176
     166
     172
     162
     174
     126
     167
     136
     150
     154
     164
     150
     128
     153
     144
     138
     138
     143
     130
     129
     147
     127
     119
     110
     116
     111
     121
     129
     104
     114
     130
     123
      96
     109
     101
     110
      97
     107
     108
     106
     114
     110
      93
     115
     114
     128
     142
     130
     148
     172
     217
     251
     282
     315
     358
     441
     460
     465
     515
     582
     620
     608
     686
     694
     643
     642
     606
     557
     584
     478
     415
     435
     378
     305
     273
     203
     187
     161
     134
      97
      82
      72
      49
      52
      41
      22
      25
      22
      14
      10
      10
       6
       8
       3
       5
       2
       1
       1
       1
       0
       0
       1
       1
       0
       2
       0
       0
       1
       0
       1
       0
       2
       0
       1
       1
       2
       0
       0
       1
       2
       1
       0
       0
       1
       1
       1
       0
       0
       2
       0
       1
       1
       0
       1
       2
       5
       3
       1
       1
       0
       0
       0
       0
       0
       0
       0
       0
       0
       0
       0
       0
       0
       0
       0
       0
       0
       0
       0
       0
       0
       0
       0
       0
       0
       0
       0
       0
       0
       0
       0
       0
       0
       0
$ROI:
0
$PRESETS:
Live Time
120
0
$ENER_FIT:
0.022934 0.030717
$MCA_CAL:
3
2.293406E-002 3.071673E-002 0.000000E+000 keV
$SHAPE_CAL:
3
0.000000E+000 0.000000E+000 0.000000E+000
