$SPEC_ID:
Na-22
$SPEC_REM:
DET# 2
DETDESC# PHY-R11-80 MCB 129
AP# Maestro Version 7.01
$DATE_MEA:
11/23/2018 10:50:13
$MEAS_TIM:
100 102
$DATA:
0 2047
       0
       0
       0
       0
       0
       0
       0
       0
       0
       0
       0
       1
       2
     270
     323
     340
     313
     382
     356
     357
     366
     348
     368
     374
     410
     346
     388
     423
     417
     411
     469
     482
     580
     820
    1086
    1612
    2137
    2858
    3624
    4248
    4480
    4361
    4109
    3430
    2895
    2354
    1883
    1677
    1374
    1229
     961
     852
     680
     564
     504
     481
     434
     481
     456
     406
     439
     378
     422
     410
     407
     407
     416
     434
     388
     412
     427
     385
     425
     411
     458
     413
     441
     461
     447
     457
     473
     505
     488
     486
     504
     456
     466
     469
     459
     430
     432
     488
     470
     478
     471
     496
     545
     540
     605
     572
     582
     672
     704
     611
     633
     600
     638
     588
     590
     564
     539
     560
     522
     532
     543
     508
     551
     538
     528
     541
     516
     517
     516
     518
     496
     504
     515
     468
     482
     428
     451
     433
     477
     447
     424
     416
     406
     466
     402
     432
     450
     438
     442
     473
     442
     422
     466
     444
     446
     454
     442
     470
     444
     446
     465
     462
     443
     455
     483
     438
     499
     460
     450
     421
     489
     480
     465
     486
     459
     433
     429
     490
     470
     449
     493
     463
     469
     440
     458
     448
     447
     462
     507
     482
     473
     508
     454
     466
     461
     459
     424
     459
     488
     487
     477
     481
     481
     515
     489
     524
     498
     505
     492
     470
     494
     486
     505
     483
     448
     460
     493
     456
     511
     525
     506
     519
     488
     469
     530
     428
     483
     482
     513
     478
     479
     496
     488
     495
     506
     496
     514
     494
     516
     512
     508
     510
     581
     501
     509
     548
     543
     551
     540
     545
     504
     573
     583
     570
     567
     597
     646
     677
     654
     643
     675
     635
     649
     648
     681
     694
     659
     709
     651
     681
     729
     662
     654
     695
     689
     664
     702
     709
     635
     696
     689
     725
     654
     681
     704
     674
     646
     647
     653
     675
     657
     651
     623
     639
     633
     617
     642
     647
     612
     627
     611
     587
     627
     617
     599
     633
     585
     630
     539
     591
     565
     582
     584
     561
     552
     585
     598
     523
     523
     544
     549
     556
     520
     518
     543
     508
     537
     546
     521
     521
     502
     552
     516
     509
     528
     513
     511
     483
     545
     488
     510
     454
     472
     500
     454
     485
     441
     459
     476
     474
     454
     438
     466
     447
     412
     490
     458
     441
     462
     424
     440
     432
     435
     442
     437
     463
     426
     431
     404
     437
     430
     408
     414
     433
     397
     432
     427
     418
     394
     369
     422
     415
     399
     437
     417
     390
     394
     419
     372
     405
     405
     393
     398
     406
     395
     395
     378
     369
     350
     367
     413
     349
     384
     345
     391
     374
     358
     352
     357
     346
     336
     388
     398
     371
     374
     337
     342
     374
     401
     342
     365
     361
     353
     349
     377
     343
     296
     347
     353
     357
     336
     346
     379
     359
     363
     332
     360
     322
     354
     366
     343
     342
     335
     335
     360
     328
     315
     307
     359
     313
     344
     341
     342
     340
     319
     341
     321
     324
     351
     338
     349
     331
     318
     355
     354
     328
     346
     310
     304
     324
     347
     297
     318
     342
     346
     333
     333
     335
     324
     325
     320
     348
     308
     313
     333
     323
     322
     297
     318
     342
     347
     336
     294
     306
     337
     327
     347
     320
     333
     325
     316
     326
     368
     337
     309
     295
     317
     332
     324
     313
     284
     318
     293
     272
     298
     289
     318
     289
     320
     337
     297
     339
     330
     332
     326
     336
     310
     309
     334
     322
     291
     311
     342
     315
     326
     310
     346
     332
     291
     301
     328
     324
     328
     337
     341
     324
     340
     317
     330
     327
     334
     325
     325
     331
     375
     339
     331
     337
     361
     337
     339
     343
     320
     329
     340
     344
     342
     315
     393
     350
     335
     313
     325
     329
     346
     345
     327
     326
     381
     367
     349
     377
     350
     368
     379
     358
     374
     326
     366
     365
     386
     342
     341
     381
     364
     388
     330
     348
     357
     363
     333
     322
     322
     325
     324
     333
     332
     351
     342
     314
     307
     313
     276
     338
     290
     308
     276
     291
     274
     297
     287
     287
     257
     264
     244
     247
     238
     234
     221
     240
     218
     214
     195
     207
     202
     190
     192
     202
     169
     170
     164
     174
     170
     157
     171
     178
     171
     161
     135
     138
     141
     129
     140
     127
     133
     109
     118
     106
     102
     104
     109
     116
     105
      83
     100
     121
      99
      91
     104
     102
      88
      86
      96
      90
      98
      80
      78
      77
      72
      77
      79
      68
      66
      68
      79
      66
      62
      81
      80
      70
      53
      62
      49
      62
      60
      61
      71
      46
      72
      72
      59
      48
      58
      46
      55
      51
      58
      48
      56
      42
      38
      50
      46
      43
      35
      38
      53
      41
      56
      54
      43
      41
      33
      36
      45
      31
      41
      30
      34
      42
      37
      56
      46
      40
      32
      31
      39
      30
      34
      43
      28
      28
      38
      34
      39
      24
      34
      25
      30
      29
      36
      28
      35
      31
      31
      31
      33
      30
      40
      36
      30
      29
      33
      37
      19
      28
      24
      27
      35
      26
      27
      25
      23
      27
      23
      28
      17
      29
      26
      28
      23
      34
      27
      28
      28
      34
      25
      34
      28
      41
      26
      29
      25
      21
      31
      42
      33
      32
      26
      24
      30
      25
      42
      35
      30
      39
      46
      44
      33
      43
      39
      56
      60
      61
      62
      80
      60
      65
      78
     109
     134
     110
     113
     127
     146
     137
     157
     164
     196
     195
     229
     249
     293
     281
     304
     331
     377
     407
     427
     454
     486
     501
     529
     556
     672
     698
     702
     728
     761
     860
     903
     882
     943
    1011
    1109
    1171
    1151
    1200
    1290
    1317
    1441
    1449
    1537
    1507
    1638
    1635
    1764
    1841
    1874
    1860
    2048
    2067
    2131
    2081
    2156
    2119
    2259
    2455
    2325
    2351
    2416
    2327
    2438
    2436
    2535
    2481
    2402
    2423
    2471
    2448
    2377
    2383
    2359
    2368
    2267
    2277
    2332
    2205
    2160
    2042
    2016
    2039
    2054
    1934
    1812
    1750
    1693
    1559
    1588
    1544
    1469
    1386
    1304
    1187
    1166
    1123
    1065
     991
     960
     851
     832
     841
     703
     647
     653
     590
     550
     528
     467
     425
     363
     362
     353
     307
     253
     254
     213
     229
     191
     176
     171
     133
     132
     110
     106
      93
      78
      80
      56
      57
      53
      56
      50
      48
      30
      36
      33
      28
      24
      22
      20
      18
      18
      10
      12
      19
      13
       8
       8
       9
       9
       6
       8
       4
       7
       3
       4
       6
       4
       6
       1
       5
       3
       3
       6
       4
       4
       7
       5
       3
       7
       2
       1
       3
       4
       5
       7
       9
      10
       1
       5
      10
       1
       7
       3
       5
       6
       7
       6
       4
       8
       5
       4
       8
       5
       4
       4
       5
       7
       3
       6
       9
       2
       4
       5
       6
       2
       2
       8
       2
       3
       2
       6
       2
       6
       5
       5
       4
       6
       4
       0
       5
       3
       7
       5
       4
       2
       5
       8
       2
       1
       9
       2
       0
       3
       5
       6
       3
       5
       0
       5
       3
       7
       3
       3
       4
       2
       3
       5
       3
       5
       4
       5
       4
       2
       4
       3
       3
       5
       2
       5
       1
       3
       1
       3
       2
       4
       1
       2
       3
       3
       5
       2
       3
       1
       4
       4
       9
       5
       4
       2
       5
       2
       4
       4
       4
       0
       5
       0
       5
       5
       2
       4
       3
       6
       4
       4
       2
       1
       1
       5
       5
       6
       7
       5
       4
       4
       6
       4
       5
       1
       2
       2
       2
       5
       6
       1
       5
       3
       4
       2
       2
       3
       4
       4
       2
       2
       3
       6
       6
       2
       2
       1
       5
       1
       0
       2
       2
       6
       2
       5
       1
       1
       3
       4
       4
       5
       4
       4
       6
       2
       5
       3
       7
       4
       3
       4
       5
       4
       4
       3
       7
       5
       6
       8
       3
       3
       4
       5
       4
       4
       2
       4
       4
       0
       3
       1
       4
       6
       4
       4
       3
       2
       6
       3
       1
       1
       2
       3
       4
       1
       6
       3
       3
       3
       2
       2
       5
       6
       6
       4
       2
       5
       2
       3
       1
       4
       3
       2
       2
       7
       6
       4
       2
       3
       2
       5
       1
       2
       0
       2
       3
       4
       3
       1
       3
       3
       4
       0
       1
       6
       3
       2
       0
       4
       2
       3
       3
       4
       0
       4
       1
       1
       3
       1
       2
       2
       2
       3
       3
       5
       3
       4
       2
       3
       3
       2
       1
       3
       4
       1
       2
       3
       1
       0
       1
       1
       1
       3
       3
       2
       1
       1
       5
       2
       2
       2
       0
       3
       1
       1
       2
       1
       6
       0
       2
       3
       2
       2
       5
       4
       1
       1
       3
       1
       1
       1
       3
       2
       3
       2
       3
       2
       4
       3
       4
       0
       3
       2
       4
       2
       4
       2
       2
       0
       0
       1
       0
       1
       1
       0
       2
       4
       2
       0
       0
       2
       1
       3
       1
       2
       3
       1
       1
       0
       2
       3
       3
       4
       2
       1
       3
       4
       1
       0
       2
       1
       0
       1
       1
       0
       0
       1
       0
       0
       0
       2
       3
       2
       2
       4
       1
       4
       3
       2
       1
       2
       0
       0
       1
       2
       2
       5
       3
       1
       0
       5
       3
       0
       1
       0
       2
       0
       2
       0
       2
       2
       1
       4
       1
       0
       0
       1
       2
       2
       4
       2
       5
       2
       5
       2
       1
       2
       1
       0
       4
       2
       3
       3
       0
       1
       3
       2
       4
       2
       1
       4
       1
       3
       0
       1
       2
       1
       2
       1
       3
       0
       2
       3
       0
       3
       1
       3
       3
       2
       3
       2
       2
       1
       3
       0
       2
       1
       1
       4
       0
       3
       0
       3
       2
       2
       3
       2
       3
       0
       3
       2
       1
       1
       1
       3
       0
       1
       5
       3
       1
       3
       3
       1
       1
       1
       0
       3
       1
       0
       1
       0
       2
       2
       0
       2
       1
       3
       0
       1
       0
       1
       0
       1
       1
       2
       0
       1
       2
       0
       0
       4
       0
       0
       2
       0
       0
       0
       1
       1
       0
       0
       1
       1
       1
       1
       2
       1
       2
       1
       1
       2
       1
       1
       0
       0
       0
       0
       0
       2
       1
       1
       0
       1
       1
       1
       2
       0
       2
       1
       2
       1
       1
       0
       0
       0
       2
       3
       0
       1
       0
       0
       3
       0
       0
       1
       4
       1
       2
       0
       0
       3
       0
       0
       2
       0
       1
       0
       1
       1
       1
       2
       1
       0
       0
       2
       2
       1
       0
       0
       0
       1
       2
       0
       1
       2
       1
       1
       0
       2
       1
       2
       1
       0
       2
       0
       0
       0
       0
       2
       2
       1
       1
       0
       1
       0
       0
       0
       0
       2
       0
       0
       2
       1
       0
       1
       0
       0
       0
       0
       0
       1
       1
       3
       0
       1
       1
       1
       0
       1
       1
       0
       1
       2
       0
       1
       0
       0
       0
       2
       2
       1
       0
       0
       0
       1
       0
       1
       0
       3
       0
       0
       0
       1
       0
       1
       1
       1
       1
       0
       2
       1
       0
       1
       3
       1
       0
       0
       0
       0
       0
       2
       0
       1
       1
       1
       0
       2
       1
       1
       2
       1
       2
       0
       0
       3
       4
       0
       2
       1
       0
       1
       1
       0
       0
       2
       0
       2
       2
       2
       0
       2
       2
       2
       0
       1
       0
       0
       2
       1
       0
       2
       1
       0
       0
       1
       2
       2
       0
       1
       1
       3
       2
       0
       1
       1
       2
       1
       3
       1
       3
       3
       1
       1
       0
       2
       1
       0
       1
       4
       1
       1
       1
       0
       0
       0
       1
       3
       1
       2
       2
       2
       0
       0
       0
       2
       0
       1
       4
       1
       1
       2
       2
       2
       3
       4
       0
       2
       2
       2
       1
       0
       1
       1
       1
       0
       1
       0
       1
       2
       2
       1
       1
       1
       1
       0
       0
       3
       0
       0
       0
       0
       1
       0
       1
       0
       0
       1
       1
       0
       1
       1
       0
       0
       0
       1
       1
       0
       0
       1
       0
       1
       0
       0
       0
       1
       3
       0
       0
       0
       0
       0
       2
       2
       0
       0
       1
       1
       0
       0
       1
       1
       0
       2
       2
       1
       0
       1
       0
       1
       2
       1
       0
       1
       1
       0
       1
       0
       1
       2
       0
       2
       0
       0
       2
       3
       2
       0
       1
       2
       2
       2
       0
       0
       1
       0
       0
       1
       2
       0
       0
       0
       1
       0
       4
       2
       2
       2
       0
       1
       1
       1
       0
       0
       1
       3
       1
       0
       3
       0
       2
       2
       0
       0
       0
       0
       1
       0
       1
       0
       0
       0
       2
       0
       0
       4
       0
       1
       2
       0
       1
       0
       1
       1
       0
       1
       1
       0
       2
       0
       0
       1
       1
       0
       2
       1
       0
       2
       0
       0
       1
       1
       4
       0
       1
       1
       0
       0
       1
       0
       0
       0
       0
       0
       0
       1
       1
       0
       0
       0
       0
       0
       0
       0
       0
       0
       0
       0
       0
       0
       0
       0
       0
       0
       0
       0
       0
       0
       0
       0
       0
       0
       0
       0
       0
       0
       0
       0
       0
       0
       0
       0
       0
       0
       0
       0
       0
       0
       0
       0
       0
       0
       0
       0
       0
       0
       0
       0
       0
       0
       0
       0
       0
       0
       0
       0
       0
       0
       0
       0
       0
       0
       0
       0
       0
       0
       0
       0
       0
       0
       0
       0
       0
       0
       0
       0
       0
       0
       0
       0
       0
       0
       0
       0
       0
       0
       0
       0
       0
$ROI:
0
$PRESETS:
Live Time
100
0
$ENER_FIT:
0.000000 0.826957
$MCA_CAL:
3
0.000000E+000 8.269570E-001 0.000000E+000 keV
$SHAPE_CAL:
3
0.000000E+000 0.000000E+000 0.000000E+000
