$SPEC_ID:
Na-22
$SPEC_REM:
DET# 2
DETDESC# PHY-R11-80 MCB 129
AP# Maestro Version 7.01
$DATE_MEA:
11/23/2018 10:52:50
$MEAS_TIM:
100 102
$DATA:
0 2047
       0
       0
       0
       0
       0
       0
       0
       0
       0
       0
       0
       1
       8
     693
     843
     847
    1018
    1010
     918
     738
     545
     406
     334
     309
     266
     237
     255
     245
     277
     345
     371
     399
     407
     437
     439
     498
     502
     547
     555
     608
     737
     907
    1179
    1543
    2005
    2674
    3632
    4868
    6502
    8257
    9913
   11350
   11953
   11976
   11083
    9945
    8295
    6619
    5477
    4717
    4302
    3877
    3616
    3244
    2917
    2353
    1897
    1443
    1108
     794
     600
     453
     418
     393
     337
     317
     309
     296
     304
     278
     284
     284
     290
     290
     356
     276
     304
     296
     311
     298
     332
     291
     360
     373
     425
     453
     499
     548
     612
     634
     651
     754
     744
     754
     779
     748
     701
     738
     664
     661
     657
     599
     653
     656
     678
     699
     764
     768
     781
     804
     740
     716
     751
     756
     776
     718
     674
     682
     654
     629
     573
     542
     532
     531
     517
     468
     489
     463
     423
     436
     451
     452
     448
     432
     415
     453
     462
     460
     476
     471
     506
     519
     637
     708
     761
     830
     994
    1110
    1411
    1608
    1844
    2155
    2508
    2855
    3318
    3515
    3706
    3987
    4146
    4125
    4197
    4068
    3874
    3573
    3288
    2946
    2659
    2285
    1931
    1664
    1355
    1069
     915
     765
     709
     576
     491
     437
     400
     377
     404
     317
     307
     303
     331
     334
     281
     315
     353
     341
     305
     290
     296
     322
     359
     318
     344
     290
     340
     340
     336
     346
     299
     343
     325
     339
     331
     330
     313
     342
     353
     375
     378
     357
     363
     365
     364
     399
     412
     382
     413
     352
     360
     370
     397
     380
     398
     330
     354
     384
     359
     334
     328
     337
     339
     329
     301
     324
     278
     308
     300
     298
     308
     295
     301
     266
     296
     297
     276
     288
     245
     249
     237
     286
     254
     269
     256
     283
     253
     259
     267
     250
     277
     259
     233
     290
     240
     222
     247
     217
     251
     240
     245
     251
     218
     232
     265
     238
     220
     269
     264
     208
     253
     253
     226
     250
     229
     235
     237
     220
     269
     250
     270
     253
     240
     234
     260
     290
     233
     267
     293
     279
     306
     305
     325
     345
     390
     378
     371
     420
     447
     460
     486
     521
     506
     508
     542
     582
     554
     580
     632
     565
     580
     600
     626
     580
     578
     567
     587
     529
     498
     502
     490
     482
     457
     454
     397
     421
     374
     358
     349
     315
     313
     287
     285
     266
     215
     225
     206
     212
     194
     203
     178
     193
     155
     205
     173
     170
     142
     186
     173
     178
     146
     164
     152
     141
     168
     163
     147
     155
     160
     182
     166
     190
     144
     170
     162
     177
     190
     169
     173
     164
     155
     169
     158
     168
     168
     159
     160
     180
     160
     143
     165
     177
     163
     157
     164
     152
     159
     149
     142
     149
     143
     150
     181
     152
     153
     144
     152
     168
     157
     150
     145
     147
     163
     160
     159
     155
     190
     212
     191
     236
     237
     236
     278
     266
     297
     304
     325
     391
     345
     402
     422
     472
     500
     528
     565
     603
     672
     636
     705
     717
     771
     782
     778
     806
     813
     823
     882
     922
     900
     977
     968
     984
     949
    1042
     969
     894
     928
     915
     937
     883
     912
     853
     792
     841
     782
     733
     707
     703
     685
     661
     555
     573
     576
     522
     524
     472
     414
     396
     367
     319
     313
     317
     288
     236
     243
     258
     238
     195
     194
     197
     172
     185
     162
     149
     146
     151
     149
     138
     127
     115
     127
     120
     108
     113
     103
     104
     107
      79
     110
     116
     107
     127
     117
     106
     117
     103
     113
     120
     110
     121
     118
     121
     122
     121
     113
     134
     125
     115
     126
     116
     118
     140
     150
     128
     122
     110
     128
     121
     121
     132
     156
     134
     126
     128
     133
     152
     142
     133
     127
     140
     153
     112
     135
     152
     136
     143
     135
     156
     119
     125
     118
     131
     138
     134
     136
     149
     138
     143
     137
     147
     126
     135
     129
     152
     123
     155
     135
     156
     150
     154
     149
     142
     153
     127
     159
     144
     143
     144
     127
     137
     138
     123
     158
     148
     114
     121
     135
     127
     125
     111
     109
     121
     105
     108
     110
     134
     108
     106
     125
      96
      93
      93
     112
      98
      90
      98
      96
      95
      96
      93
      84
      83
      96
      83
      96
      85
      79
      82
      80
      75
      72
      87
      79
      75
      91
      78
      90
      70
      89
      97
     103
      90
      84
     102
      88
      64
      69
      74
      89
      91
      94
      86
      91
     109
      90
      66
      75
      81
      83
      91
      70
      94
      91
      69
      82
      74
      76
      60
      76
      93
      63
      78
      80
      77
      94
      70
      74
      82
      75
      81
      72
      83
      76
      93
      81
      93
      81
      78
      74
      74
      70
      74
      83
      74
      71
      74
      60
      82
      78
      89
      95
      71
      66
      94
      88
      95
      89
      79
      81
      58
      71
      75
      70
      87
      64
      71
      76
      63
      77
      90
      83
      87
      78
      76
      89
      83
      95
      86
      78
      81
      85
      90
      91
      69
      70
      71
      85
      81
      67
      80
      73
      90
      88
      93
      92
      96
      80
      68
      79
      75
      56
      86
      92
      94
      63
      72
      81
      55
      70
      73
     102
      81
      77
      71
      87
      63
      87
      65
      65
      74
      62
      62
      58
      67
      71
      59
      77
      70
      90
      72
      78
      84
      69
      49
      76
      74
      55
      63
      55
      55
      69
      65
      72
      61
      67
      62
      62
      71
      60
      65
      59
      62
      71
      63
      66
      58
      56
      69
      57
      45
      62
      65
      59
      60
      53
      49
      56
      58
      51
      68
      55
      69
      59
      54
      54
      63
      51
      73
      63
      58
      62
      45
      55
      58
      50
      61
      56
      49
      58
      64
      47
      47
      48
      67
      60
      58
      57
      66
      52
      46
      58
      66
      84
      53
      58
      71
      55
      65
      83
      81
      64
      58
      57
      61
      66
      67
      68
      69
      61
      65
      62
      66
      66
      72
      75
      92
      70
      69
      66
      70
      62
      69
      57
      82
      60
      47
      69
      70
      70
      92
      72
      66
      56
      68
      64
      67
      72
      76
      59
      69
      78
      71
      78
      69
      60
      61
      77
      75
      87
      63
      78
      72
      79
      59
      73
      79
      51
      72
      73
      69
      88
      59
      68
      57
      63
      67
      61
      71
      76
      58
      52
      67
      59
      78
      64
      58
      53
      53
      59
      58
      77
      83
      68
      70
      62
      68
      67
      68
      65
      73
      70
      61
      66
      66
      67
      72
      76
      75
      58
      74
      67
      73
      56
      74
      72
      79
      86
      74
      76
      84
      92
      68
      77
      98
      79
      88
      86
     104
      97
      87
     101
      94
     106
      87
      96
     113
     100
     114
      93
     104
     122
     110
     131
     125
     127
     138
     126
     124
     122
     120
     131
     128
     134
     126
     136
     136
     142
     152
     134
     139
     161
     137
     140
     135
     135
     143
     158
     152
     149
     160
     154
     141
     136
     159
     149
     156
     148
     143
     125
     131
     132
     132
     121
     121
     118
     142
     111
     113
     116
      99
     134
     115
     113
     113
     105
     105
     116
     118
      94
      80
     101
      90
      82
     107
      79
      94
      82
      93
      70
      70
      78
      73
      80
      63
      63
      76
      56
      69
      71
      71
      82
      66
      68
      47
      68
      59
      47
      59
      58
      56
      62
      55
      50
      44
      59
      52
      64
      58
      56
      42
      58
      58
      60
      68
      65
      60
      45
      60
      51
      51
      62
      64
      76
      66
      62
      42
      49
      68
      60
      70
      52
      63
      63
      68
      57
      59
      73
      68
      58
      60
      74
      64
      68
      58
      50
      52
      51
      66
      69
      65
      70
      62
      61
      70
      53
      68
      62
      71
      67
      73
      74
      56
      61
      73
      57
      62
      56
      63
      51
      63
      51
      44
      51
      45
      55
      47
      42
      44
      48
      47
      51
      54
      54
      47
      44
      52
      48
      47
      40
      48
      43
      48
      41
      47
      48
      48
      53
      44
      40
      48
      38
      57
      44
      51
      48
      40
      50
      45
      42
      46
      53
      50
      37
      36
      56
      50
      51
      37
      54
      56
      52
      53
      58
      49
      43
      49
      56
      42
      56
      49
      48
      71
      61
      61
      68
      56
      80
      59
      60
      63
      55
      69
      72
      81
      65
      86
      82
      88
      80
      81
      85
      78
      81
      83
      80
      99
      94
      95
      88
      87
      93
      87
      89
      96
      98
      98
     100
     108
      94
     117
     110
     111
     107
      96
     106
     109
      98
     102
      98
      95
     111
     102
     115
      88
     116
      91
      86
      83
      93
      84
      92
      97
      96
      84
      84
      77
      97
      92
      84
      75
      75
      85
      56
      65
      83
      51
      65
      60
      71
      80
      61
      68
      62
      53
      48
      52
      57
      48
      50
      49
      44
      56
      65
      43
      49
      40
      41
      30
      43
      37
      38
      41
      40
      32
      40
      40
      34
      57
      42
      39
      34
      32
      25
      29
      38
      31
      26
      28
      36
      35
      30
      29
      38
      34
      29
      26
      32
      22
      22
      29
      29
      26
      34
      34
      28
      27
      37
      34
      36
      31
      26
      35
      49
      36
      36
      41
      38
      32
      32
      42
      38
      44
      34
      47
      43
      48
      39
      48
      52
      39
      70
      50
      51
      57
      52
      52
      45
      57
      69
      68
      58
      86
      59
      74
      60
      67
      68
      70
      90
      94
     100
      75
      84
      90
      98
      81
      96
      94
     103
      82
      98
      82
     101
     112
     109
     118
     102
     124
      98
     105
     121
      97
     127
     120
     108
     121
     107
     110
     121
     103
      94
     121
     118
     124
     131
     111
     103
     121
     100
     112
     112
     132
     125
     117
     117
     104
     106
     114
     105
     105
     129
     122
     119
     110
      98
     115
     110
     106
     101
     124
     105
      99
     107
     110
      89
      88
     102
      80
      94
      91
     111
      82
      84
     102
      78
      80
      84
      83
      87
      66
      65
      64
      65
      59
      72
      40
      58
      44
      64
      56
      54
      47
      47
      59
      62
      50
      44
      47
      57
      32
      42
      41
      37
      35
      44
      40
      43
      35
      39
      42
      31
      33
      26
      30
      32
      35
      29
      28
      30
      23
      26
      29
      26
      20
      25
      24
      23
      29
      18
      24
      16
      32
      22
      20
      22
      24
      30
      22
      18
      12
      27
      22
      27
      22
      20
      17
      15
      22
      22
      30
      19
      15
      14
      12
      20
      14
      18
       9
      26
      19
      22
      20
      18
      16
      19
      15
      13
      21
       8
      15
      14
      20
      16
      14
      17
      16
      21
      10
      12
      17
      11
      14
       9
      10
      15
      16
      17
      11
      12
      18
      10
      11
      14
      21
      14
      16
      12
       9
       9
      12
      11
      11
      13
      16
      13
      15
       9
      15
       8
       8
      17
       8
      12
      14
       8
       7
      14
       8
      10
       7
       8
      14
      12
      11
       7
      13
      13
       9
      10
      14
      10
       5
      20
       8
       5
       8
      15
      12
       6
      10
       8
      10
       9
      14
       4
       9
       8
      11
       8
       7
       6
      11
       2
      15
       8
       6
       7
       9
       8
       4
       5
      11
      13
       7
      14
       9
       9
       7
       7
       7
       8
      12
      10
       5
      10
      11
      12
      10
       7
       8
       8
       8
       4
      11
      12
       5
       8
      12
       7
       8
       6
       5
       9
      12
       7
       9
       8
       8
      12
       9
       5
      10
       9
       7
      12
       9
       4
      11
       7
      11
      13
       8
       8
      12
       9
      10
       5
       5
       8
       8
       8
       8
       5
       6
       7
       9
       6
       8
       7
       4
      10
       5
       9
       8
       6
       4
       9
      11
       6
       6
      13
       8
       9
       5
       6
      10
       7
       7
      11
       9
       6
      10
      10
       8
      11
      14
      12
      11
      10
      13
      15
      13
      13
      12
      14
      19
      19
      20
      15
      19
      19
      23
      16
      13
      18
      25
      21
      20
      24
      27
      26
      22
      35
      28
      35
      24
      30
      24
      29
      34
      30
      29
      49
      32
      34
      51
      51
      46
      52
      35
      35
      67
      52
      39
      46
      51
      51
      43
      43
      53
      53
      50
      54
      58
      58
      61
      66
      63
      60
      57
      60
      52
      57
      82
      58
      66
      58
      70
      57
      53
      63
      53
      61
      70
      53
      66
      62
      54
      48
      55
      56
      47
      65
      57
      64
      46
      49
      54
      44
      47
      41
      39
      52
      45
      43
      57
      62
      40
      43
      52
      52
      45
      39
      42
      45
      50
      29
      35
      45
      39
      45
      36
      26
      34
      38
      35
      37
      22
      31
      24
      20
      23
      31
      23
      25
      23
      26
      35
      15
      12
      24
      26
      18
      10
      30
      24
      16
      15
      17
      12
      20
      15
      16
       8
       8
       9
      15
      14
       7
      10
      12
       6
       4
      10
       8
       6
       8
       9
       7
       8
       6
       6
       8
       7
       9
       4
       7
       8
       7
       7
       5
       4
       8
       7
       5
       8
       4
       5
       3
       6
       2
       3
       6
       5
       3
       5
       3
       3
       5
       2
       4
       2
       4
       3
       5
       1
       0
       0
       0
       0
       0
       0
       0
       0
       0
       0
       0
       0
       0
       0
       0
       0
       0
       0
       0
       0
       0
       0
       0
       0
       0
       0
       0
       1
       0
       0
       0
       0
       0
       0
       0
       0
       0
       0
       0
       0
       0
       0
       0
       0
       0
       0
       0
       0
       0
       0
       0
       0
       0
       0
       0
       0
       0
       0
       0
       0
       0
       0
       0
       0
       0
       0
       0
       0
       0
       0
       0
       0
       0
       0
       0
       0
       0
       0
       0
       0
       0
       0
       0
       0
       0
       0
       0
       0
       0
       0
$ROI:
0
$PRESETS:
Live Time
100
0
$ENER_FIT:
0.000000 0.826957
$MCA_CAL:
3
0.000000E+000 8.269570E-001 0.000000E+000 keV
$SHAPE_CAL:
3
0.000000E+000 0.000000E+000 0.000000E+000
