$SPEC_ID:
Na-22
$SPEC_REM:
DET# 2
DETDESC# PHY-R11-80 MCB 129
AP# Maestro Version 7.01
$DATE_MEA:
11/23/2018 10:45:23
$MEAS_TIM:
100 100
$DATA:
0 2047
       0
       0
       0
       0
       0
       0
       0
       0
       0
       0
       0
       0
       1
      69
      60
      77
      54
      68
      77
      67
      69
      82
      78
      85
      73
      65
      73
      63
      67
      96
      76
      80
      76
      72
      71
      64
      87
      80
      69
      84
      64
      75
      73
      79
      64
      79
      75
      90
      75
      88
      67
     101
      75
      95
      90
      87
      78
      88
      94
      98
     107
      85
      98
      91
      78
     101
     101
      82
      87
      91
     126
     110
     105
      92
     124
      92
     134
      91
      97
      96
     116
     108
      95
      94
     114
     105
     101
     111
     133
     114
     123
     104
     116
     143
     139
     123
     135
     159
     145
     162
     184
     187
     175
     171
     172
     174
     205
     150
     166
     156
     166
     138
     145
     142
     147
     137
     147
     144
     126
     159
     143
     129
     150
     140
     125
     132
     125
     145
     137
     116
     124
     123
     130
     130
     112
     107
     115
     154
     134
     130
     129
     107
     138
     131
     140
     137
     122
     126
     137
     121
     120
     111
     104
     121
     135
     127
     133
     118
     121
     134
     117
     126
     106
     128
     108
     142
     115
     140
     131
     119
     116
     114
     117
     135
     106
     103
     122
     112
     126
     109
     111
     135
     122
     110
     123
     132
      99
     111
     130
     149
     121
     125
     111
     131
     131
     135
     112
     107
     113
     107
     135
     131
     101
     161
     117
     140
     142
     130
     126
     122
     121
     113
     110
     119
     128
     119
     131
     125
     130
     102
     117
     120
     114
     130
     125
     133
     112
     143
     138
     127
     150
     126
     132
     133
     141
     121
     136
     141
     157
     165
     173
     170
     170
     152
     155
     145
     155
     162
     177
     160
     132
     165
     155
     154
     145
     141
     145
     150
     137
     142
     148
     146
     128
     129
     143
     127
     125
     127
     163
     131
     158
     126
     132
     127
     124
     139
     128
     136
     127
     120
     135
     132
     137
     118
     118
     122
     135
     134
     127
     128
     133
     136
     130
     117
     132
     134
     125
     122
     132
     126
     134
     137
     118
     139
     118
     121
     107
     122
     125
     126
     134
     121
     123
     119
     112
     114
     108
     116
     127
     105
     126
     121
     147
     103
     104
     122
     102
     113
      90
     108
     115
     107
      97
     106
     116
      97
     107
     111
     117
      89
     102
     102
      85
     105
     111
      90
     105
      97
     108
     103
      97
      94
      99
      82
     104
      97
     103
     105
      92
     106
      90
      93
      91
      70
      83
      80
      81
      83
      93
      90
      93
      94
      95
      92
      77
      84
      81
      85
      72
      87
      77
      78
      90
      80
      84
      84
      80
      81
      93
      80
      82
      84
      82
      96
      78
      79
      86
      82
     109
      82
      93
      94
      88
      94
      95
      77
      72
      86
      94
      92
      69
      78
      92
      93
      66
      79
      82
      78
      75
      78
      90
      87
      92
      86
      77
      81
      76
      65
      86
      78
      73
      61
      64
      75
      76
      69
      69
      70
      69
      65
      61
      64
      80
      58
      56
      62
      65
      68
      51
      58
      79
      57
      55
      56
      49
      56
      44
      47
      53
      49
      47
      33
      52
      42
      49
      59
      38
      40
      47
      51
      41
      39
      43
      43
      35
      33
      36
      36
      40
      35
      26
      32
      25
      35
      32
      35
      40
      30
      35
      36
      34
      29
      29
      27
      33
      38
      27
      31
      33
      28
      21
      25
      28
      30
      21
      25
      21
      17
      33
      35
      28
      32
      36
      22
      23
      31
      25
      22
      24
      38
      22
      22
      30
      27
      15
      23
      29
      17
      31
      27
      19
      20
      14
      25
      22
      21
      22
      17
      23
      25
      19
      18
      20
      23
      23
      23
      24
      23
      27
      21
      14
      18
      18
      23
      24
      27
      28
       9
      20
      24
      33
      17
      23
      17
      11
      17
      18
      20
      16
      24
      25
      19
      22
      21
      30
      29
      22
      18
      16
      17
      12
      22
      29
      24
      20
      26
      23
      13
      19
      11
      10
      17
      22
      12
      13
      13
      11
      18
      25
      16
      28
      17
      21
      23
      20
      30
      18
      16
      18
      22
      18
      22
      14
      22
      28
      18
      25
      22
      18
      23
      20
      29
      29
      29
      27
      28
      24
      35
      31
      31
      46
      37
      43
      50
      39
      58
      71
      62
      70
      84
      75
      90
      85
      98
      91
     116
     137
     143
     144
     175
     177
     173
     176
     185
     209
     232
     228
     222
     254
     285
     241
     287
     326
     328
     332
     312
     362
     383
     363
     379
     384
     428
     410
     424
     449
     464
     465
     416
     440
     489
     517
     511
     503
     487
     509
     476
     562
     473
     463
     471
     470
     443
     448
     451
     422
     441
     453
     382
     402
     390
     387
     335
     326
     363
     317
     292
     284
     255
     244
     238
     238
     213
     158
     176
     177
     133
     136
     145
     115
     124
      99
     103
      75
      73
      68
      85
      60
      54
      57
      50
      42
      44
      35
      38
      26
      40
      34
      19
      26
       7
      23
      14
      14
      16
      21
      15
      19
      12
      15
      12
      12
      21
       8
       8
      14
      15
      12
      13
      24
       8
      13
       9
       4
       8
      13
      12
      18
      15
      14
       7
       9
      22
       8
      10
      10
       9
       7
      15
      18
      13
       8
      18
      13
      21
      12
      14
      18
       8
      10
      13
      11
       7
      10
      18
      13
      17
      10
      13
      13
      16
      12
      13
      11
       7
      18
      17
      16
      13
      12
      14
      10
       9
      11
       9
      12
      19
      19
      16
       3
      15
      11
      12
      15
      15
      15
      16
      11
      21
       9
      10
      14
      18
      16
       6
      10
      19
       9
       7
      11
       5
      13
      12
       6
      10
      13
      15
      11
       9
      12
      11
      10
      12
       9
      13
      13
      14
       9
       8
      11
       8
       7
       8
       9
      12
      18
      14
      18
      15
       7
      14
      14
      13
       9
      14
      11
       9
      17
      12
      12
       8
      14
      17
      11
      10
      17
      14
      15
      10
       7
      16
      20
      16
      10
      13
       9
      14
       9
      12
       6
      15
      13
      11
      11
       8
      16
      13
      16
       9
       8
      13
      15
      11
      18
      22
      11
      12
      11
       5
       9
      12
       8
       7
       9
      16
      14
       4
      13
      13
       6
      12
      13
      16
      10
      11
      17
       9
      14
      11
      15
      18
       5
      14
      12
      13
      14
       7
      11
      13
      11
      15
      15
      19
      11
       8
      10
       9
      12
       9
      14
      17
       7
      14
      11
      12
       9
      10
      19
      15
      13
      14
       8
       4
      11
      12
       6
      15
       8
      20
      13
       6
      12
      13
      13
       8
      12
       9
      16
      13
      13
      16
      14
      17
      13
       7
      15
      10
      13
      17
      14
      17
      11
      13
       7
      10
      13
       8
      11
      13
       8
      13
       7
      17
      17
      11
      14
       5
       9
       7
      13
       9
       6
      14
       9
       6
       9
      18
      11
      12
       8
      11
      17
      14
      12
      19
       9
      18
      10
      13
      17
      11
      15
      15
      14
      14
      11
      12
       9
      10
       8
      11
       6
       9
      12
       9
      13
      10
       7
      15
      13
       7
      12
      10
      13
      10
      12
      14
      12
      13
      12
      12
      12
      12
      15
      18
      18
      14
      14
      18
      12
      13
      11
      19
      10
      18
      12
      11
      17
      19
       4
      14
      11
      13
      17
       5
      15
      17
      10
      13
      15
      10
      13
      12
       8
       7
      14
      19
      10
      12
      13
      15
       9
       9
       9
      10
      13
      14
      15
      14
       3
      15
      13
       8
       9
      12
      10
       7
      13
      19
      13
      17
      13
      11
       8
      14
      10
      23
       7
      14
      11
      14
      17
      14
       6
      16
       7
      10
      15
      13
      13
      19
      13
      13
      14
      16
      14
      16
      10
      16
      12
      13
      13
      11
      11
      15
      10
       8
      16
      10
      16
       9
      11
      24
      13
      16
      12
      11
      21
      15
      14
       9
      20
       9
      24
      14
      20
      12
      12
      23
      18
      13
       8
       8
      13
      13
      14
      18
      13
      17
      14
      16
      13
       8
      17
      20
      11
      23
       9
      15
      14
      11
      16
      12
      16
      20
      11
      17
      13
      14
      12
      11
      10
      14
      10
      21
      19
      19
      19
      10
      16
      10
      17
       5
      14
      19
      15
       8
      17
      11
      10
      18
      15
      14
      13
       9
      10
      14
       6
      18
      13
      14
      14
      19
      13
      20
      12
      14
      10
      18
      11
       9
      13
      15
      17
      18
       9
      11
      17
       9
      12
      10
      16
      19
      13
      16
      14
      14
      20
      14
      18
      11
      14
      19
      17
       9
      16
      13
      18
      19
      12
      17
      12
      16
      12
      17
      17
      13
      13
      18
      14
      16
      14
      16
      13
      15
      17
      17
      19
      17
      19
      13
      14
      12
      17
      20
      19
      19
      18
      14
      15
      22
      11
      19
      10
      13
      14
      17
      15
      17
       8
      17
      18
       8
      12
      20
       9
      14
      10
      11
      15
      12
      15
      20
      12
      16
       7
      11
       9
      17
      16
      20
       9
      12
      13
      11
       8
       8
      15
      13
      12
       6
      15
      14
      10
      10
       9
       6
      10
      13
      12
       7
       8
      11
       9
      13
       5
       6
       9
       2
       5
       6
       6
      11
       9
       8
      12
       8
      14
       9
       6
      11
      11
       9
       9
       6
       6
       5
       8
       4
       5
       7
       3
       7
       5
       8
       8
       7
       7
      10
       8
       2
      10
       4
       8
       8
       3
       8
       7
       5
       2
       4
       1
       7
       5
       1
       5
       3
       1
       2
       5
       7
       6
       4
       5
       3
       1
       5
       3
       5
       8
       2
       4
       3
       4
       8
       1
       2
       5
       3
       4
       8
       2
       3
       2
       2
       2
       2
       6
       8
       5
       3
       4
       4
       3
       1
       4
       3
       6
       1
       3
       4
       1
       2
       1
       1
       2
       3
       1
       4
       2
       3
       1
       1
       2
       1
       0
       2
       1
       1
       1
       2
       3
       5
       1
       2
       3
       2
       1
       3
       5
       8
       6
       3
       3
       4
       1
       3
       2
       3
       5
       4
       3
       2
       0
       3
       4
       3
       2
       2
       1
       4
       2
       1
       2
       0
       3
       1
       4
       1
       2
       1
       1
       1
       1
       0
       2
       3
       3
       3
       3
       1
       2
       4
       2
       2
       1
       2
       1
       3
       1
       2
       2
       0
       1
       3
       2
       2
       7
       4
       2
       1
       3
       2
       4
       6
       3
       1
       1
       2
       9
       4
       9
       4
       4
       7
       2
       2
       6
       2
       2
       9
       1
       7
       6
       4
       8
       7
       8
      10
       8
      10
      10
      10
       8
      11
      12
      20
       7
      11
      15
      10
      12
      18
      22
      14
      21
      16
      20
      17
      17
      27
      18
      25
      22
      20
      23
      23
      25
      29
      47
      27
      19
      35
      33
      35
      33
      31
      41
      26
      32
      38
      33
      35
      37
      39
      49
      53
      38
      49
      39
      43
      56
      45
      45
      45
      45
      55
      65
      50
      58
      38
      58
      61
      63
      58
      46
      59
      58
      67
      61
      41
      53
      63
      57
      65
      71
      51
      64
      51
      63
      64
      65
      53
      45
      55
      57
      50
      56
      57
      61
      47
      49
      58
      46
      44
      44
      56
      44
      39
      35
      42
      44
      26
      37
      31
      43
      39
      33
      37
      35
      28
      37
      34
      32
      28
      31
      23
      41
      21
      18
      25
      18
      24
      18
      14
      21
      23
      18
      15
      15
      20
      14
      11
      13
      12
       9
      13
      15
      10
       7
       7
       8
       5
       7
      10
       6
       5
       7
       7
       5
       8
       4
       6
       2
       3
       2
       3
       2
       4
       1
       4
       1
       2
       2
       2
       4
       4
       1
       1
       0
       1
       5
       3
       0
       0
       2
       3
       0
       2
       1
       3
       1
       4
       1
       1
       2
       1
       2
       2
       1
       0
       1
       1
       0
       1
       0
       0
       0
       1
       1
       0
       1
       1
       3
       1
       1
       4
       0
       4
       0
       1
       2
       2
       1
       2
       2
       0
       1
       0
       1
       0
       0
       1
       1
       2
       1
       2
       7
       1
       2
       0
       0
       1
       1
       1
       3
       0
       0
       1
       2
       1
       2
       0
       1
       1
       2
       2
       0
       1
       1
       1
       1
       1
       1
       2
       3
       1
       2
       2
       0
       4
       1
       0
       1
       4
       3
       0
       1
       3
       1
       6
       2
       2
       0
       2
       4
       1
       1
       2
       1
       0
       1
       3
       2
       1
       2
       3
       2
       1
       3
       1
       6
       2
       1
       2
       2
       1
       1
       3
       5
       4
       0
       0
       1
       3
       1
       5
       1
       1
       1
       1
       2
       4
       3
       1
       1
       0
       4
       3
       3
       4
       1
       1
       2
       3
       2
       0
       4
       4
       2
       3
       0
       2
       1
       1
       1
       3
       1
       3
       1
       1
       1
       2
       1
       2
       2
       2
       2
       1
       2
       1
       2
       1
       3
       3
       4
       0
       0
       1
       1
       1
       1
       1
       2
       1
       1
       0
       0
       1
       0
       0
       0
       0
       0
       0
       0
       0
       0
       0
       0
       0
       0
       0
       0
       0
       0
       0
       0
       0
       0
       0
       0
       0
       0
       0
       0
       0
       0
       0
       0
       0
       0
       0
       0
       0
       0
       0
       0
       0
       0
       0
       0
       0
       0
       0
       0
       0
       0
       0
       0
       0
       0
       0
       0
       0
       0
       0
       0
       0
       0
       0
       0
       0
       0
       0
       0
       0
       0
       0
       0
       0
       0
       0
       0
       0
       0
       0
       0
       0
       0
       0
       0
       0
       0
       0
       0
       0
       0
       0
$ROI:
0
$PRESETS:
Live Time
100
0
$ENER_FIT:
0.000000 0.826957
$MCA_CAL:
3
0.000000E+000 8.269570E-001 0.000000E+000 keV
$SHAPE_CAL:
3
0.000000E+000 0.000000E+000 0.000000E+000
