$SPEC_ID:
Na-22
$SPEC_REM:
DET# 2
DETDESC# PHY-R11-80 MCB 129
AP# Maestro Version 7.01
$DATE_MEA:
11/23/2018 11:55:43
$MEAS_TIM:
100 100
$DATA:
0 2047
       0
       0
       0
       0
       0
       0
       0
       0
       0
       0
       0
       9
      24
      44
      87
      73
      81
      78
      86
      77
      96
      61
      81
      77
      89
      79
      85
      67
      78
      87
      82
      78
      77
     115
      91
      78
      91
      87
     103
      95
     125
      79
      89
      83
     108
      92
     101
      98
      92
     105
      85
      93
     114
      96
      92
      96
     100
     108
      88
     118
     119
     103
      88
     111
      99
     109
      89
     116
     115
     102
     114
     107
     105
     122
     111
     103
     113
     118
     110
     133
     130
     147
     127
     124
     125
     109
     137
     169
     144
     166
     159
     160
     186
     193
     180
     195
     211
     202
     232
     208
     207
     202
     170
     191
     133
     149
     176
     143
     205
     145
     150
     160
     149
     175
     171
     156
     139
     167
     151
     144
     123
     148
     135
     137
     132
     132
     128
     154
     128
     137
     159
     140
     124
     159
     118
     133
     135
     140
     159
     144
     151
     145
     115
     129
     144
     139
     124
     145
     135
     135
     147
     124
     157
     139
     140
     116
     138
     141
     134
     125
     115
     121
     155
     153
     137
     145
     127
     143
     130
     142
     141
     128
     128
     138
     121
     113
     138
     154
     130
     148
     137
     149
     129
     122
     163
     140
     125
     131
     141
     136
     146
     125
     140
     157
     156
     124
     128
     145
     137
     151
     138
     155
     150
     140
     145
     146
     158
     167
     136
     164
     142
     166
     180
     182
     174
     143
     168
     159
     165
     156
     183
     161
     176
     179
     186
     162
     199
     156
     163
     168
     165
     168
     162
     161
     169
     140
     179
     145
     172
     174
     179
     160
     161
     165
     170
     139
     161
     131
     153
     157
     162
     169
     159
     162
     176
     148
     169
     159
     155
     158
     157
     140
     140
     142
     143
     159
     177
     133
     131
     155
     143
     151
     136
     149
     144
     144
     145
     141
     143
     125
     112
     150
     143
     127
     119
     166
     140
     128
     131
     121
     120
     112
     138
     120
     117
     129
     125
     123
     142
     107
     129
     110
     128
     124
     118
     101
     136
     109
     137
     112
     116
     105
      91
     104
     112
     101
     123
     120
     101
     108
     119
     114
     115
     115
      83
     111
      97
      99
      92
     108
     115
     117
      87
     100
     121
      93
      86
     137
     110
     100
     100
      81
     100
      92
      75
     105
     110
      93
     137
      83
      96
      89
     113
      87
      99
      95
      91
     103
      88
     102
      96
      88
     103
     102
     117
     111
     103
     113
      92
      97
      98
      99
     103
      95
      63
      99
      89
      91
      96
      93
      91
      99
      92
      74
      79
      96
      85
      71
      98
      92
      73
      79
      78
      60
      88
      71
      76
      59
      60
      73
      65
      56
      53
      59
      54
      45
      55
      65
      63
      60
      48
      56
      55
      43
      47
      44
      45
      36
      46
      46
      43
      47
      35
      40
      29
      41
      41
      37
      34
      38
      40
      44
      43
      38
      39
      33
      46
      42
      35
      36
      40
      40
      36
      30
      34
      40
      35
      31
      36
      26
      32
      25
      44
      25
      31
      41
      38
      42
      28
      27
      35
      28
      30
      29
      29
      19
      34
      38
      26
      37
      32
      51
      27
      30
      21
      34
      24
      19
      23
      30
      22
      28
      29
      27
      22
      21
      30
      26
      31
      25
      23
      29
      20
      23
      25
      20
      30
      32
      23
      15
      20
      22
      34
      25
      24
      21
      20
      28
      21
      20
      23
      25
      29
      20
      21
      19
      15
      19
      23
      29
      26
      23
      23
      32
      23
      30
      21
      24
      26
      30
      24
      23
      18
      28
      22
      22
      18
      15
      29
      34
      25
      30
      32
      41
      26
      41
      25
      36
      32
      30
      40
      49
      50
      49
      54
      62
      59
      58
      76
      73
     110
      85
     114
     110
     136
     119
     144
     147
     170
     189
     169
     206
     202
     247
     251
     226
     262
     268
     297
     316
     334
     334
     350
     381
     381
     434
     372
     462
     475
     482
     493
     481
     505
     532
     499
     552
     535
     588
     565
     534
     563
     550
     542
     574
     547
     534
     572
     517
     525
     522
     509
     462
     483
     492
     436
     403
     438
     396
     394
     356
     301
     307
     273
     274
     276
     223
     242
     208
     202
     191
     174
     145
     133
     125
     131
     110
      99
      80
      73
      65
      52
      59
      58
      46
      36
      40
      43
      36
      32
      31
      28
      22
      26
      22
      21
      17
      23
      12
      20
      10
      16
      16
      14
      10
      22
      14
      12
      18
      11
      12
      18
      16
      17
       8
      17
      20
      16
      16
      17
      12
      20
      21
      16
      10
      19
      23
      18
      14
      15
      20
      17
       9
      12
       9
      17
      18
      21
      18
      10
      16
      10
      21
      18
      17
      19
       8
      12
      13
      14
      13
      18
      17
      10
      22
      16
      15
      11
      21
       8
      13
      10
      13
      19
      15
      11
      20
      17
       7
      14
      18
      11
      15
      20
      18
      14
      15
      12
      17
      11
      12
      18
      18
      21
      15
      12
      23
      14
      16
      14
      14
      19
      14
      14
      16
      21
      13
      20
      10
      16
      11
       8
      13
      14
      13
      15
      14
       7
      24
      15
      25
      18
      18
      16
      14
      16
      13
      16
      10
      18
      12
      23
      16
      23
      17
      10
      10
      25
      10
       9
      17
      13
      16
      15
      12
      17
      12
      14
      14
      17
      10
      16
       9
      14
      11
      11
      30
      14
      12
      16
      15
      18
      17
       9
      18
      10
      13
      15
      11
      15
      15
      15
       9
      18
      16
      19
       8
      17
      12
      15
      17
      20
      15
      12
      13
      15
      17
      15
      14
      12
      11
      11
      23
      19
      12
      17
       9
      17
       9
      20
      18
      14
      14
      14
      14
      13
      15
      12
      20
      17
      14
      14
       9
      10
      10
      14
      15
      17
      15
      10
      14
      11
      14
      17
      19
      14
      19
      16
      12
      15
      16
      22
      10
      15
      16
      16
       7
      19
      10
      16
      13
      18
      14
      18
      19
      22
      31
      15
      15
      19
      14
      13
      16
      18
      18
       8
      15
      16
      13
      15
      11
      16
      11
      12
      10
      15
      19
       6
      13
      14
       9
      11
      16
      22
      15
      23
      16
      21
      13
      10
      13
      14
       9
       5
      10
      24
      16
      15
      11
      17
      17
      14
      22
      15
      20
      11
      19
      17
      18
      21
       9
      16
      16
      21
      17
      19
      18
      19
      11
      12
      15
      14
      16
      18
      16
      20
      16
      18
      20
      17
      13
      13
      20
      19
      16
      15
      18
      19
      20
      11
      16
      16
      13
      17
      19
      17
      14
      17
      12
      18
      21
      22
      15
      22
      21
      13
       7
       9
      19
      20
      14
      11
      17
      10
      16
      12
      15
      14
      12
      11
      14
      18
      18
      20
      21
      13
      21
       6
      15
       9
      17
      24
      17
      16
      20
      10
      19
       7
      19
      17
       8
      16
      21
      18
      23
      14
      18
      17
      11
      14
      16
      23
      21
      12
      11
      13
      26
      28
       9
      17
      19
      16
      13
      16
      19
      22
      22
      15
      11
      18
       8
      16
      23
      17
      13
      16
      13
      15
      12
      16
      20
      18
      15
      21
      18
      17
      15
      19
      29
      15
      17
      18
      15
      21
      16
      20
      19
      20
      13
      20
      11
      25
      18
      17
      17
      16
      16
      31
      16
      15
      14
      18
      18
      16
      22
      19
      16
      13
      22
      20
      17
      18
      17
      14
      16
      17
      11
      16
      22
      19
      15
      19
      20
      18
      18
      13
      20
      23
      19
      20
      19
      20
      20
       9
      19
      17
      20
      21
      23
      25
      14
      20
      18
      15
      17
      15
      11
      20
      15
      17
       9
      19
      15
      20
      12
      16
      10
      26
      15
      18
      24
      29
      14
      20
      22
      20
      20
      13
      14
      25
      16
      16
      16
      14
      14
      18
      12
      12
      16
      11
      10
      10
       7
      13
      11
      14
      15
      17
       9
      15
      13
       9
      16
      14
      13
      10
      16
      12
      14
      10
       6
      11
      13
       9
      13
      13
      15
       7
       8
      21
      10
       9
       6
       7
      13
       6
       8
       9
       6
       8
       8
       4
       9
       5
       7
       9
      10
       3
       3
       9
      11
       9
       9
       6
       5
      12
       7
       5
       5
       5
       7
       4
       3
       3
       9
       9
       5
       4
       3
       4
      11
       8
       8
       4
       5
       2
       5
       7
       2
       3
       5
       7
       3
       3
       6
       4
       3
       3
       7
       4
       2
       4
       3
       5
       1
      10
       6
       3
       2
       4
       2
       5
       5
       4
       1
       2
      10
       3
       0
       7
       4
       1
       6
       2
       3
       3
       5
       0
       6
       4
       5
       1
       6
       2
       2
       4
       2
       4
       2
       1
       3
       8
       4
       1
       4
       6
       2
       5
       3
       4
       1
       1
       0
       2
       1
       1
       1
       1
       2
       5
       2
       3
       9
       2
       3
       2
       3
       4
       3
       5
       2
       2
       3
       5
       2
       5
       2
       0
       2
       7
       2
       1
       3
       5
       4
       5
       4
       7
       3
       3
       2
       1
       4
       2
       5
       1
       5
       3
       6
       8
       2
       6
       5
       3
       4
       5
       4
       6
       7
      10
       7
      10
       7
      10
      10
       7
      11
      13
       9
      11
       8
      12
      13
      15
      21
      18
      21
      16
      23
      17
      14
      24
      16
      21
      20
      22
      31
      31
      28
      34
      24
      27
      23
      22
      27
      38
      26
      32
      41
      45
      29
      40
      57
      44
      52
      60
      56
      39
      44
      60
      43
      56
      64
      56
      43
      61
      48
      68
      63
      67
      65
      66
      41
      68
      61
      66
      58
      55
      65
      66
      58
      66
      58
      54
      60
      61
      70
      72
      63
      77
      48
      49
      60
      57
      57
      52
      62
      63
      41
      52
      56
      58
      57
      53
      46
      52
      48
      57
      49
      38
      53
      45
      37
      38
      44
      36
      37
      28
      35
      36
      35
      38
      27
      33
      38
      28
      24
      21
      26
      25
      20
      21
      24
      15
      17
      17
      21
      15
      18
      11
      12
      11
      18
      11
      12
      10
       6
       8
       9
      14
       6
       9
       2
       7
       4
      10
       2
       6
       3
       9
       1
       3
       5
       3
       3
       3
       4
       3
       1
       0
       2
       2
       3
       1
       2
       4
       2
       4
       2
       2
       1
       2
       2
       3
       1
       4
       0
       2
       0
       1
       0
       1
       4
       2
       0
       1
       2
       1
       2
       4
       1
       1
       1
       1
       1
       0
       4
       2
       1
       1
       0
       3
       1
       1
       0
       4
       0
       1
       0
       1
       0
       0
       1
       1
       0
       2
       1
       2
       2
       3
       0
       2
       2
       1
       2
       2
       0
       1
       0
       2
       1
       1
       1
       0
       2
       3
       3
       0
       2
       1
       0
       1
       0
       3
       2
       2
       4
       1
       3
       3
       2
       2
       2
       1
       5
       3
       0
       2
       0
       1
       1
       2
       3
       3
       3
       3
       1
       1
       2
       2
       2
       1
       1
       2
       1
       2
       1
       1
       2
       0
       2
       3
       5
       3
       3
       0
       2
       1
       3
       2
       0
       2
       2
       2
       4
       2
       1
       2
       5
       1
       2
       2
       2
       0
       0
       3
       0
       1
       1
       3
       1
       1
       1
       3
       1
       3
       1
       2
       0
       4
       3
       2
       2
       3
       4
       2
       2
       3
       2
       2
       3
       0
       0
       6
       1
       1
       2
       1
       4
       2
       2
       1
       2
       0
       0
       1
       1
       1
       3
       0
       0
       2
       2
       0
       1
       0
       1
       4
       1
       0
       0
       2
       0
       0
       0
       1
       0
       2
       0
       1
       1
       1
       1
       0
       0
       1
       1
       1
       0
       1
       0
       0
       2
       0
       0
       0
       3
       1
       1
       2
       1
       0
       1
       3
       1
       2
       1
       0
       1
       1
       1
       2
       0
       1
       0
       1
       0
       1
       0
       1
       1
       2
       2
       0
       0
       1
       0
       1
       0
       3
       0
       3
       0
       0
       0
       0
       0
       0
       1
       2
       0
       0
       0
       1
       2
       0
       1
       0
       0
       2
       2
       3
       0
       0
       1
       1
       1
       1
       2
       0
       1
       2
       0
       1
       0
       3
       0
       0
       1
       0
       1
       1
       0
       1
       0
       0
       2
       1
       1
       0
       0
       2
       0
       0
       0
       0
       2
       0
       1
       1
       2
       1
       0
       0
       1
       1
       1
       0
       0
       0
       0
       0
       0
       1
       2
       0
       0
       2
       0
       0
       0
       0
       0
       0
       1
       1
       0
       0
       0
       0
       1
       0
       1
       0
       0
       0
       0
       0
       0
       1
       1
       1
       0
       1
       0
       0
       1
       1
       0
       0
       0
       0
       1
       0
       1
       0
       1
       0
       0
       1
       0
       0
       0
       0
       0
       0
       0
       0
       0
       0
       0
       0
       0
       0
       1
       0
       0
       0
       1
       0
       0
       0
       0
       0
       0
       0
       2
       0
       0
       1
       0
       0
       0
       1
       1
       0
       0
       0
       0
       0
       0
       0
       0
       0
       0
       0
       0
       0
       0
       0
       0
       0
       0
       0
       0
       0
       0
       0
       0
       0
       0
       0
       0
       0
       0
       0
       0
       0
       0
       0
       0
       0
       0
       0
       0
       0
       0
       0
       0
       0
       0
       0
       0
       0
       0
       0
       0
       0
       0
       0
       0
       0
       0
       0
       0
       0
       0
       0
       0
       0
       0
       0
       0
       0
       0
       0
       0
       0
       0
       0
       0
       0
       0
       0
       0
       0
       0
       0
       0
       0
       0
       0
       0
       0
       0
       0
       0
       0
       0
$ROI:
0
$PRESETS:
Live Time
100
0
$ENER_FIT:
-22.226749 0.780713
$MCA_CAL:
3
-2.222675E+001 7.807127E-001 0.000000E+000 keV
$SHAPE_CAL:
3
0.000000E+000 0.000000E+000 0.000000E+000
