$SPEC_ID:
Na-22
$SPEC_REM:
DET# 2
DETDESC# PHY-R11-80 MCB 129
AP# Maestro Version 7.01
$DATE_MEA:
11/23/2018 10:35:29
$MEAS_TIM:
100 100
$DATA:
0 2047
       0
       0
       0
       0
       0
       0
       0
       0
       0
       0
       0
       0
       1
       9
      20
      14
      15
      16
      18
      11
      14
      12
      28
      18
      19
      16
      25
      19
      22
      12
       9
       6
      19
      19
      11
      25
      19
      18
      14
      15
      24
      10
      23
      20
      17
      19
      15
      26
      25
      23
      23
      25
      19
      17
      23
      26
      23
      33
      30
      26
      24
      27
      28
      31
      35
      38
      23
      40
      29
      39
      36
      29
      29
      27
      44
      42
      29
      31
      48
      42
      40
      45
      45
      38
      50
      55
      50
      50
      50
      56
      43
      45
      61
      57
      54
      51
      61
      64
      73
      63
      78
      77
      76
      80
      53
      79
      68
      69
      85
      57
      71
      55
      64
      64
      67
      56
      60
      68
      59
      63
      76
      56
      68
      66
      63
      67
      67
      59
      64
      57
      54
      62
      45
      66
      51
      68
      51
      53
      51
      58
      52
      57
      69
      49
      68
      57
      43
      48
      53
      63
      57
      45
      41
      52
      49
      46
      44
      38
      65
      48
      41
      50
      51
      45
      52
      46
      47
      42
      51
      44
      41
      58
      56
      40
      37
      44
      52
      51
      45
      44
      54
      43
      42
      56
      55
      40
      47
      48
      36
      42
      37
      48
      47
      48
      44
      32
      51
      40
      45
      44
      38
      42
      36
      46
      38
      41
      39
      34
      30
      47
      40
      28
      46
      47
      33
      48
      35
      37
      42
      31
      35
      35
      40
      29
      35
      34
      31
      48
      42
      29
      48
      39
      33
      31
      34
      24
      39
      37
      44
      41
      35
      30
      41
      34
      37
      37
      35
      31
      24
      37
      37
      32
      30
      38
      30
      34
      31
      39
      31
      39
      23
      39
      39
      30
      41
      33
      30
      24
      36
      30
      34
      39
      35
      29
      36
      23
      24
      20
      21
      25
      24
      31
      19
      32
      40
      21
      39
      35
      29
      26
      26
      39
      32
      34
      41
      28
      28
      33
      33
      35
      25
      33
      35
      33
      24
      35
      30
      29
      26
      32
      27
      25
      30
      36
      23
      29
      21
      30
      30
      48
      18
      30
      32
      34
      28
      33
      24
      34
      25
      31
      34
      28
      29
      18
      32
      23
      34
      24
      21
      21
      35
      23
      25
      26
      21
      26
      15
      27
      31
      28
      26
      20
      18
      21
      16
      21
      20
      23
      22
      21
      19
      16
      20
      14
      22
      17
      29
      29
      34
      17
      15
      25
      23
      15
      19
      17
      19
      27
      19
      19
      23
      18
      23
      17
      18
      22
      13
      17
      24
      24
      28
      22
      11
      14
      21
      10
      15
      18
      21
       9
      18
      15
      15
      11
      15
      12
      19
      23
      18
      18
      13
      16
      16
      22
      19
      15
      14
      22
      17
      19
      22
      13
      18
      14
      20
      18
      28
      14
      15
      16
      13
      18
      17
      13
      13
      13
      12
      18
      18
      21
      23
      21
      14
      19
      14
      11
      22
      16
      11
      19
      17
      11
      17
      11
      17
      13
      20
      15
      15
      10
      18
      12
      11
      12
      18
      11
      17
      17
      13
      12
      15
      16
      15
      11
      20
      17
      13
      14
      15
      13
      11
      11
      12
      10
      13
      15
      10
      12
       9
      10
      10
      11
      12
       9
      10
       6
       7
       8
      12
      14
       6
      11
      10
      11
       7
      16
       7
       9
      10
      16
      13
      14
      12
      18
       6
      10
       9
      10
       9
      12
       9
       9
      12
      12
      14
       7
       8
      11
       4
      12
       8
       5
      12
      10
       8
       9
      10
      12
      10
       6
      12
       9
      13
      11
      11
      13
       8
      10
       7
      11
      11
       7
      14
       6
      10
       6
       8
       8
       9
      12
       7
      11
       6
      11
       9
      10
       9
      15
       9
      12
      10
       8
      11
      12
       6
       3
       6
       8
      11
      11
      11
      11
      10
      11
      10
       7
      13
      10
       8
       8
       8
       4
      13
       9
       6
       7
       9
       9
       9
      11
       6
       7
       5
      10
      11
       8
       6
       5
       7
      14
       4
       8
       6
      10
       6
       6
      10
       7
       6
      12
      10
      11
      13
      10
       9
      11
       7
      12
       7
       3
       1
       9
       9
      10
      10
       6
       6
       7
       7
       6
       6
      11
       8
      12
       8
      12
      10
       8
       6
       8
      13
      12
       8
      12
      10
       5
      12
       9
       5
       7
       7
       8
      10
      10
       5
       3
      12
      11
      12
       6
      14
       5
       4
       8
       8
      12
      10
       9
      10
       7
       4
      11
      14
      13
       8
      10
       8
       8
      11
       6
      11
       3
       8
       6
       6
      10
      13
      11
       4
       6
       6
       4
       9
      14
      11
       8
       6
      10
       7
       8
       9
      13
       4
       8
       8
      11
       7
       8
       6
      10
       8
       8
       6
      11
       8
      13
       7
       5
       5
       6
      15
       7
       4
       8
       4
       5
       7
       8
       2
       7
       7
       8
       3
       7
       9
       6
       3
       6
      12
       8
       6
      11
       4
       5
       8
       7
       9
      12
      10
      14
       9
       6
      13
       7
       6
       7
       6
       6
      10
      10
      16
       8
       9
      10
       9
      12
      10
      13
       8
       8
       9
       7
       5
       9
       7
       6
       7
       5
       8
       5
       8
       2
       5
       6
       8
       9
       7
      12
      10
       6
       5
      13
       7
       5
       7
      12
       9
       9
       8
       5
       9
       7
       9
       7
       7
       8
      14
       4
       8
       5
       6
      11
       3
       7
       5
      11
       6
       9
       9
       6
       8
       9
       5
       7
      13
       9
       8
       6
       6
       9
      10
       7
       9
       9
       9
       3
       6
       5
      13
       7
      10
       5
       7
       7
       4
       5
       6
       6
       4
       6
       6
      12
       4
      13
      10
       5
       4
       4
      11
       8
       7
       5
       2
       4
      11
       4
      11
      12
      11
       6
       8
       7
       8
       9
       5
       7
       8
       8
       7
      10
       3
      11
       8
       9
      15
       5
       6
      11
       7
       7
       9
       7
       8
       6
       6
       9
       9
       9
       3
       6
       6
      11
       4
       7
       9
       4
       9
      11
       6
       6
       5
       6
       9
       9
       7
       7
       7
       9
      11
       7
       6
       6
       4
       9
       6
       6
       5
       6
       6
       5
       8
       3
       7
       8
       7
       5
       3
       4
      11
       5
       7
       8
       6
       6
       8
       3
       7
      12
       9
       5
       7
       5
      12
       5
       6
       6
       8
       8
      11
       6
      10
       4
       7
       4
       2
      10
       5
       2
       8
       7
       6
      13
       6
       9
       5
      10
      13
       2
       8
       5
       5
       7
       8
      10
       7
       6
      10
       2
       5
       5
      12
       5
       3
      10
       8
       9
      11
       8
       2
       8
       7
       5
       7
       5
       9
       8
      10
       9
       7
       8
      10
       8
       4
       7
       8
       5
       2
       6
      10
       7
       7
       8
       7
       2
      16
       4
       8
       7
      10
       6
       5
       9
       3
       7
       8
      10
       9
       8
      11
      12
      13
       2
      12
       3
       7
       7
       5
      14
       8
       6
       7
      10
       9
       3
      10
       8
      11
      10
       9
       4
       5
       7
       8
       7
       6
      12
       5
       8
       7
       6
      12
      11
       5
       5
       9
      10
       6
       9
      11
       6
       6
       7
       9
      11
       5
       5
       8
       9
       8
       5
       9
      11
       8
       6
      11
      11
       7
      13
       9
      11
       7
       6
      10
       8
       8
       6
       6
       5
      10
      12
       7
       6
       7
       5
       9
       6
       8
       7
      12
       8
       8
       8
      10
       9
      10
      11
       7
      14
       6
       7
       6
      11
      12
       4
       7
       7
       9
       5
      14
       5
       4
       9
      11
       9
       9
       7
      10
       6
       7
       8
       8
       6
       9
       9
      11
      11
       7
       4
       8
       6
      12
       8
      10
       6
       8
       8
      11
       1
       5
       6
       7
       8
       7
       7
       7
      12
       6
      12
      10
      11
      10
      10
       7
       7
       8
       6
       1
       7
      12
       7
       6
      10
      10
      13
      11
       9
       4
       5
       2
       8
       9
      11
       8
       6
       6
       6
       6
       5
       8
       6
      10
      12
       5
       9
       9
       4
      12
      10
       8
       7
       4
       6
       9
       7
       7
       6
      13
       6
       7
       6
      10
       9
       5
       9
      11
      10
       9
       8
       8
      10
       8
       5
      10
       9
       8
       5
       8
       4
       9
       9
       7
       9
       5
       7
       5
       5
       6
       6
       3
       8
       5
       3
       6
       6
       5
       6
       4
       7
      14
       5
       9
       5
       7
       7
       5
       7
       6
       5
       6
       6
       6
       5
       7
       3
       5
       1
       6
       4
       4
      10
       4
       3
       9
       6
       2
       8
       7
       9
       7
       7
       6
       4
       4
       5
       3
       3
       5
       5
       4
       4
       2
       4
       3
       1
       3
       2
       8
       6
       6
       8
       6
       8
       7
       5
       5
       6
       2
       5
       7
       6
       6
       4
       8
       5
       6
       1
      11
       8
       7
       6
       5
       3
       5
       7
       6
       4
       3
       6
       1
       5
       3
       4
       8
       4
       7
       7
      12
       4
       7
       5
       3
       6
       5
       5
       2
       9
       3
       3
       8
       5
       6
       2
       3
       4
       4
       4
       3
       7
       7
       4
       7
      10
       9
       3
       6
       3
       6
       2
       8
       5
       7
       8
       4
       7
       4
       8
       7
       7
       4
       3
       6
       4
       4
       7
       5
       4
       7
       2
       8
       6
       1
       7
       4
       1
       3
       7
       2
       3
       2
       4
       5
       2
       5
       4
       5
       4
       6
       2
       5
       3
       5
       8
       1
       3
       3
       3
       3
       5
       6
       5
       3
       7
       4
       2
       7
       6
       7
       2
       2
       3
       5
       2
       5
       3
       5
      13
       8
      12
       5
       3
       8
       3
       8
       2
       8
       5
       6
       5
      10
       6
       5
       9
      11
       9
       5
       6
      12
      14
       6
      15
      15
       9
       9
       7
       5
      17
      13
      22
      12
      14
      17
      11
      18
      18
      14
      14
      16
      17
      16
      15
      18
      17
      23
      16
      18
      14
      28
      17
      23
      28
      13
      21
      14
      21
      22
      20
      17
      19
      16
      18
      29
      20
      18
      23
      26
      21
      16
      11
      21
      17
      21
      14
      25
      19
      20
      10
      25
      19
      21
      15
      24
      21
      20
      16
      21
      13
      28
      18
      14
      17
      14
      10
      20
      13
      18
      12
      15
      11
      11
      22
      11
      14
       7
      11
      14
      11
      13
       8
       8
      12
       4
      10
       4
       8
       4
       6
      10
       5
       6
       8
       5
       3
       2
       4
       3
      11
       4
       5
       1
       5
       3
       2
       0
       1
       4
       0
       4
       2
       2
       3
       2
       3
       1
       3
       3
       2
       3
       1
       2
       0
       2
       0
       1
       0
       0
       1
       0
       0
       1
       0
       0
       1
       2
       0
       0
       0
       1
       1
       0
       0
       4
       1
       0
       0
       8
       2
       3
       1
       1
       1
       1
       3
       5
       5
       1
       0
       3
       3
       1
       1
       4
       4
       4
       1
       1
       4
       8
       1
       4
       2
       3
       6
       3
       4
       5
       3
       3
       5
       5
       2
       9
       4
       4
       4
       4
      10
       3
       1
       9
       7
       6
       5
       3
       3
      13
       8
       7
      14
      11
      10
      12
      14
      10
       7
      12
       3
      11
      20
      18
      12
      11
      17
      12
      13
       8
      19
      14
      12
      24
      17
      10
      15
      14
      22
      19
      16
      20
      13
      25
      19
      14
      21
      22
      19
      13
      21
       9
      12
      20
      17
      13
      18
      17
      26
      15
      15
      24
      14
       7
      14
      16
      15
      13
       9
      18
      10
      20
      20
      11
      16
       9
      18
      13
      14
      10
      14
       9
      11
      10
      12
      10
       7
       9
       9
      13
      15
       7
      13
      11
       9
       9
       8
       8
      11
       5
       6
       7
       5
       3
      10
       2
       4
       5
       7
       3
       3
       5
       5
       6
       6
       7
       1
       1
       3
       2
       3
       5
       1
       2
       2
       2
       2
       1
       1
       0
       0
       1
       0
       1
       0
       1
       3
       1
       3
       1
       2
       0
       1
       0
       1
       1
       1
       0
       1
       1
       0
       0
       0
       2
       1
       0
       0
       0
       0
       2
       0
       2
       1
       0
       0
       0
       4
       1
       0
       0
       1
       2
       0
       0
       3
       1
       2
       1
       0
       0
       2
       0
       0
       2
       2
       0
       1
       2
       1
       1
       4
       0
       2
       1
       4
       1
       2
       2
       2
       0
       0
       2
       0
       1
       1
       0
       1
       0
       1
       1
       0
       0
       1
       0
       1
       1
       0
       1
       1
       1
       0
       1
       2
       0
       1
       1
       1
       2
       0
       2
       1
       0
       1
       1
       1
       1
       0
       2
       0
       1
       0
       0
       2
       2
       2
       0
       0
       0
       0
       3
       1
       0
       1
       0
       1
       0
       1
       0
       1
       0
       2
       0
       0
       0
       1
       1
       1
       0
       1
       0
       1
       0
       1
       0
       0
       0
       0
       0
       0
       0
       0
       0
       0
       0
       0
       0
       0
       0
       0
       0
       0
       0
       0
       0
       0
       0
       0
       0
       0
       0
       0
       0
       0
       0
       0
       0
       0
       0
       0
       0
       0
       0
       0
       0
       0
       0
       0
       0
       0
       0
       0
       0
       0
       0
       0
       0
       0
       0
       0
       0
       0
       0
       0
       0
       0
       0
       0
       0
       0
       0
       0
       0
       0
       0
       0
       0
       0
       0
       0
       0
       0
       0
       0
       0
       0
       0
       0
       0
       0
       0
       0
       0
       0
$ROI:
0
$PRESETS:
Live Time
100
0
$ENER_FIT:
0.000000 0.826957
$MCA_CAL:
3
0.000000E+000 8.269570E-001 0.000000E+000 keV
$SHAPE_CAL:
3
0.000000E+000 0.000000E+000 0.000000E+000
