$SPEC_ID:
Na-22
$SPEC_REM:
DET# 1
DETDESC# PHY-R11-80 MCB 129
AP# Maestro Version 7.01
$DATE_MEA:
12/07/2018 14:57:27
$MEAS_TIM:
1000 1000
$DATA:
0 2047
       0
       0
       0
       0
       0
       0
       0
       0
       0
       0
       0
       0
       0
       0
       0
       0
       0
       0
       0
       0
       0
       0
       0
       0
       0
       0
       0
       0
       0
       0
       0
       0
       0
       0
       0
       0
       0
       0
       0
       0
       0
       0
       0
       0
       0
       0
       0
      17
      51
      89
      24
      19
      24
      18
      32
      22
      27
      22
      26
      28
      27
      17
      13
      26
      26
      27
      22
      25
      30
      13
      21
      13
      19
      23
      22
      20
      25
      27
      18
      15
      24
      27
      18
      29
      28
      28
      26
      27
      23
      21
      34
      26
      27
      24
      32
      25
      21
      20
      35
      21
      24
      31
      19
      23
      23
      26
      24
      20
      26
      40
      32
      34
      22
      40
      24
      28
      36
      34
      48
      16
      32
      26
      35
      25
      19
      27
      24
      26
      29
      25
      30
      24
      18
      29
      42
      33
      31
      37
      35
      23
      36
      34
      27
      38
      39
      34
      50
      36
      39
      40
      39
      47
      47
      52
      50
      53
      60
      54
      77
      80
      81
      71
      70
      76
      78
      81
      95
     100
      87
     104
     125
     121
     106
      98
     112
     112
     128
     135
     133
     154
     131
     127
     167
     142
     143
     131
     163
     142
     135
     149
     163
     156
     147
     143
     152
     143
     158
     150
     144
     130
     183
     145
     156
     135
     151
     138
     166
     127
     142
     154
     145
     141
     143
     125
     136
     134
     135
     131
     137
     132
     134
     152
     121
     133
     110
     108
     142
     127
     126
     123
     132
     129
     138
     131
     135
     129
     108
     132
     130
     111
     114
     140
     132
     119
     112
     119
     112
     137
     118
     120
     104
     106
      98
     114
     112
     101
     121
     107
     107
     134
     114
      91
     124
     119
      98
      99
     101
     108
     108
      92
     116
      94
     101
     113
     117
     108
      97
     102
     109
      96
     113
     103
     113
     103
      94
      94
      95
     123
      98
     100
      91
      80
      91
      96
      98
      94
      84
      89
      97
      96
      74
      82
      86
      79
      83
      87
      88
      95
      84
      83
      91
      81
     100
      98
      84
      88
      90
      93
      77
      97
      94
      75
      83
      96
      92
      94
      72
      85
      79
      75
      73
      69
      85
      78
      56
      88
      76
      80
      88
      70
      84
      71
      82
      71
      58
      69
      72
      67
      69
      79
      56
      68
      73
      74
      73
      72
      64
      68
      62
      63
      66
      71
      75
      61
      63
      64
      74
      78
      70
      81
      62
      74
      71
      73
      73
      62
      57
      68
      77
      65
      74
      67
      63
      58
      64
      59
      67
      59
      64
      54
      47
      58
      54
      67
      57
      79
      54
      58
      47
      51
      56
      46
      86
      64
      62
      62
      65
      52
      55
      58
      48
      58
      58
      58
      56
      49
      57
      47
      46
      38
      68
      59
      59
      44
      53
      54
      46
      51
      38
      52
      46
      48
      60
      59
      46
      45
      49
      50
      56
      47
      41
      45
      50
      49
      40
      56
      42
      45
      49
      53
      48
      58
      43
      37
      44
      46
      46
      38
      50
      45
      42
      42
      38
      36
      37
      45
      47
      43
      45
      55
      46
      38
      50
      34
      43
      35
      42
      45
      48
      40
      43
      41
      47
      51
      48
      30
      45
      36
      30
      44
      36
      44
      41
      32
      37
      44
      40
      51
      35
      38
      35
      45
      36
      38
      38
      39
      36
      36
      34
      39
      40
      38
      43
      35
      30
      32
      42
      41
      47
      25
      27
      28
      41
      28
      39
      43
      41
      36
      34
      35
      22
      36
      39
      26
      34
      45
      25
      36
      28
      31
      24
      41
      36
      28
      29
      29
      32
      45
      27
      30
      28
      28
      33
      27
      32
      30
      27
      34
      29
      19
      32
      31
      27
      16
      26
      33
      33
      21
      27
      32
      35
      13
      25
      21
      33
      26
      23
      35
      28
      29
      20
      27
      23
      16
      22
      22
      22
      27
      21
      24
      26
      27
      29
      24
      21
      20
      27
      19
      22
      24
      29
      19
      28
      21
      22
      35
      20
      25
      22
      24
      17
      25
      20
      21
      25
      31
      17
      21
      28
      31
      23
      19
      22
      21
      16
      26
      21
      20
      23
      28
      19
      21
      17
      15
      29
      19
      27
      18
      15
      20
      12
      15
      27
      22
      16
      17
      22
      23
      22
      14
      16
      17
      22
      17
      16
      16
      16
      19
      21
      24
      25
      19
      12
      15
      16
      11
      23
      16
      16
      16
      16
      13
      19
      19
      19
      15
      10
      15
      14
      17
      23
      18
       6
      19
      16
      16
      18
      16
       8
      26
      21
      22
      22
      26
      19
      12
      16
      11
      12
      18
      11
      11
      13
      11
      18
       9
      16
      16
      18
      18
       9
      20
      18
      15
      12
      18
      15
       7
      13
       8
      15
      16
      16
      13
       8
      12
      10
      19
      13
      12
      14
      20
      20
      13
      14
      14
      13
      13
      10
      15
       7
      14
      12
      14
      12
      15
      12
      11
      10
      13
       8
      17
      11
      15
       9
      16
      10
      11
      20
       9
      10
       9
      14
      10
      16
      18
       8
      13
      15
      10
      10
      10
      16
       3
      18
      13
       8
      14
      11
      11
      11
       9
      11
      11
       9
      13
       7
      14
      15
       9
      12
       5
       8
       6
       8
       7
      12
       6
      13
      16
       6
      18
      11
       6
      13
      14
       5
      10
      16
       8
      14
       9
      15
       6
      12
       9
      10
       9
       8
       7
      10
      13
       9
       7
      14
       9
       9
      11
       9
       7
       9
      16
       8
       8
       5
       8
       9
       7
      13
       7
      12
      12
      10
       8
       7
       8
      13
      12
       8
      12
      10
       7
      10
       4
      12
       4
      11
       5
       9
      10
      12
       7
      10
       4
       6
       8
       8
       3
       8
      10
       7
      10
      12
       7
       7
       7
       6
       5
      11
       7
       1
       8
       3
       8
       6
       5
      10
      11
      10
       8
       5
       4
      12
      15
       7
       7
       5
       7
       9
       6
       6
       8
      11
       9
       5
       1
       5
       7
       7
       7
       3
       6
      10
       9
       9
       7
       4
       7
       9
       2
      10
       6
       5
       3
       7
      10
       6
       9
       4
       4
      10
      12
       7
       4
       6
       8
      11
       7
       8
       3
       5
       6
       8
       9
       7
       2
       3
       2
       5
      10
       3
       7
       5
       8
       4
       7
       6
       4
       5
       2
       6
       7
       1
       7
       2
       6
       6
      10
       6
       4
       4
       4
       2
       3
       5
       2
       7
       3
       4
       3
       6
       6
       3
       5
       4
       4
       3
       5
      11
       4
       4
       2
       4
       6
       4
       6
       5
      12
       8
       8
       3
       6
       2
       4
       1
       3
       3
       1
       6
       6
       2
       1
       4
       5
       1
       0
       2
       5
       5
       4
       1
       2
       5
       3
       4
       4
       5
       3
       2
       5
       2
       8
       7
       6
       3
       2
       5
       5
       2
       5
       7
       3
       6
       3
       5
       7
       7
       4
       2
       4
       3
       5
       3
       5
       2
       4
       1
       2
       3
       3
       5
       1
       4
       4
       2
       3
       5
       3
       4
       5
       3
       3
       4
      10
       2
       2
       4
       2
       2
       3
       8
       4
       1
       8
       2
       4
       4
       6
       2
       5
       7
       3
       3
       2
       5
       6
       3
       4
       4
       3
       4
       6
       1
       5
       2
       6
       5
       5
       2
       3
       2
       4
       2
       4
       1
       3
       3
       3
       3
       1
       2
       6
       3
       4
       4
       4
       3
       2
       1
       1
       2
       9
       2
       2
       3
       5
       3
       2
       0
       2
       2
       1
       3
       3
       2
       3
       4
       4
       4
       2
       2
       2
       4
       4
       2
       5
       0
       1
       4
       6
       3
       5
       1
       6
       4
       2
       1
       3
       0
       6
       3
       3
       2
       3
       2
       2
       1
       0
       3
       2
       3
       3
       0
       4
       3
       3
       3
       0
       3
       3
       0
       7
       3
       1
       2
       1
       1
       2
       4
       5
       2
       6
       4
       3
       1
       4
       3
       1
       4
       2
       1
       2
       2
       1
       0
       3
       3
       7
       3
       2
       5
       1
       3
       0
       5
       2
       2
       2
       1
       0
       2
       0
       2
       1
       3
       4
       0
       2
       2
       1
       1
       5
       2
       3
       2
       0
       0
       2
       1
       3
       6
       0
       5
       1
       2
       2
       5
       2
       2
       2
       4
       2
       3
       2
       6
       3
       2
       0
       0
       3
       0
       1
       2
       4
       7
       5
       3
       3
       0
       3
       4
       4
       2
       1
       3
       0
       3
       0
       3
       0
       0
       3
       2
       1
       2
       0
       3
       0
       3
       1
       3
       1
       3
       1
       3
       2
       3
       3
       0
       7
       2
       2
       1
       2
       2
       2
       8
       1
       1
       0
       1
       1
       2
       1
       0
       1
       4
       2
       1
       3
       1
       3
       2
       1
       0
       2
       2
       1
       2
       3
       0
       1
       2
       2
       3
       1
       3
       3
       2
       2
       4
       2
       3
       0
       2
       1
       1
       0
       2
       2
       1
       0
       2
       0
       2
       1
       2
       1
       3
       1
       1
       1
       1
       3
       3
       4
       3
       0
       0
       4
       0
       1
       1
       3
       1
       0
       2
       0
       2
       0
       0
       0
       0
       2
       3
       1
       0
       1
       0
       3
       1
       2
       0
       2
       3
       3
       1
       0
       1
       0
       1
       1
       1
       0
       0
       1
       1
       0
       0
       2
       4
       1
       1
       2
       1
       4
       2
       1
       1
       1
       2
       1
       4
       3
       0
       0
       0
       5
       0
       1
       0
       1
       1
       0
       4
       2
       0
       1
       2
       2
       7
       0
       2
       4
       2
       1
       1
       1
       0
       2
       3
       1
       0
       1
       5
       0
       2
       1
       0
       2
       1
       0
       0
       2
       0
       1
       1
       1
       1
       2
       2
       2
       0
       2
       2
       1
       2
       2
       1
       0
       2
       2
       0
       1
       2
       2
       0
       3
       3
       0
       1
       1
       0
       3
       2
       2
       3
       1
       1
       1
       2
       1
       1
       0
       1
       4
       0
       4
       2
       1
       1
       1
       0
       1
       0
       1
       1
       3
       2
       0
       1
       0
       3
       1
       1
       3
       1
       2
       2
       1
       0
       3
       1
       0
       0
       0
       1
       1
       1
       1
       3
       3
       1
       0
       1
       0
       1
       3
       1
       0
       0
       3
       1
       2
       1
       1
       2
       0
       1
       3
       0
       1
       0
       2
       1
       3
       1
       2
       1
       1
       3
       0
       0
       1
       0
       1
       0
       0
       0
       2
       0
       3
       0
       2
       0
       1
       0
       3
       4
       1
       4
       0
       2
       0
       1
       1
       0
       2
       2
       1
       2
       1
       2
       1
       4
       0
       1
       3
       1
       3
       0
       2
       1
       1
       1
       1
       0
       2
       1
       0
       2
       2
       0
       2
       2
       0
       3
       3
       1
       3
       1
       0
       3
       1
       0
       1
       1
       1
       5
       2
       1
       2
       3
       2
       2
       2
       2
       0
       0
       1
       0
       0
       3
       1
       2
       5
       0
       1
       0
       1
       2
       2
       2
       1
       2
       2
       1
       2
       1
       0
       1
       2
       3
       2
       1
       0
       0
       2
       0
       1
       0
       1
       0
       1
       1
       2
       2
       0
       0
       2
       4
       1
       1
       0
       1
       1
       4
       0
       0
       1
       0
       1
       1
       2
       2
       1
       3
       3
       3
       0
       0
       1
       1
       0
       2
       2
       2
       0
       5
       0
       3
       1
       0
       2
       1
       2
       0
       1
       1
       0
       1
       0
       0
       3
       2
       4
       2
       1
       2
       2
       1
       1
       2
       0
       1
       3
       1
       0
       0
       0
       1
       2
       0
       0
       1
       0
       1
       1
       1
       1
       1
       2
       1
       1
       2
       0
       0
       1
       0
       1
       2
       4
       2
       0
       2
       1
       1
       1
       1
       4
       1
       1
       2
       0
       1
       1
       0
       1
       2
       2
       1
       2
       0
       0
       0
       1
       1
       1
       1
       0
       3
       0
       0
       0
       1
       1
       0
       1
       0
       1
       5
       2
       0
       0
       1
       1
       2
       0
       2
       1
       0
       2
       0
       1
       0
       1
       4
       2
       2
       1
       2
       1
       2
       1
       3
       0
       0
       1
       2
       2
       1
       1
       0
       1
       1
       0
       1
       0
       0
       1
       0
       1
       0
       0
       1
       0
       1
       2
       1
       0
       0
       0
       0
       0
       2
       3
       0
       0
       2
       1
       2
       1
       1
       1
       0
       1
       1
       1
       2
       1
       0
       2
       2
       4
       2
       0
       2
       0
       2
       1
       1
       1
       1
       1
       0
       2
       1
       0
       2
       0
       0
       1
       0
       2
       0
       1
       0
       2
       2
       1
       1
       1
       0
       1
       1
       2
       2
       2
       0
       3
       2
       4
       1
       1
       0
       2
       1
       1
       3
       4
       1
       1
       2
       1
       1
       1
       2
       0
       1
       0
       2
       0
       3
       0
       1
       1
       2
       0
       0
       3
       1
       2
       1
       1
       0
       1
       0
       3
       0
       2
       2
       1
       1
       2
       0
       3
       2
       1
       2
       1
       1
       1
       0
       1
       1
       0
       0
       0
       1
       1
       1
       0
       0
       1
       0
       3
       1
       0
       2
       0
       2
       1
       1
       1
       2
       1
       3
       2
       1
       0
       0
       1
       0
       0
       0
       0
       0
       0
       0
       0
       0
       0
       0
       0
       0
       0
       0
       0
       0
       0
       0
       0
       0
       0
       0
       0
       0
       0
       0
       0
       0
       0
       0
       0
       0
       0
       0
       0
$ROI:
0
$PRESETS:
Live Time
1000
0
$ENER_FIT:
-27.333933 0.897223
$MCA_CAL:
3
-2.733393E+001 8.972232E-001 0.000000E+000 keV
$SHAPE_CAL:
3
0.000000E+000 0.000000E+000 0.000000E+000
