0.194555
0.18993
0.19039
0.187015
0.1847
0.182595
0.179905
0.17767
0.17568
0.1752
0.17151
0.16916
0.168425
0.166265
0.16371
0.16115
0.160315
0.156825
0.15496
0.15254
0.14993
0.14766
0.14548
0.143805
0.14147
0.139405
0.13824
0.13507
0.13197
0.13099
0.1277
0.12744
0.124265
0.12171
0.120595
0.119
0.11552
0.112055
0.11151
0.10832
0.10713
0.10548
0.10311
0.10025
0.09833
0.097945
0.094185
0.093055
0.090775
0.088155
0.086495
0.084015
0.081385
0.079435
0.07779
0.076605
0.07332
0.07215
0.0708
0.06786
0.065585
0.06484
0.063
0.060375
0.0583
0.055915
0.05459
0.05349
0.050435
0.0488
0.046995
0.04433
0.043295
0.04194
0.03995
0.03929
0.035935
0.035035
0.03326
0.03078
0.029895
0.0282
0.026485
0.024855
0.02264
0.021455
0.0203
0.018675
0.0166
0.015615
0.014205
