0.032645
0.03192
0.03075
0.02994
0.029125
0.02731
0.02693
0.02557
0.024945
0.02379
0.022735
0.02149
0.02136
0.020375
0.01937
0.017895
0.01795
0.016585
0.01563
0.014855
0.013695
0.013045
0.011675
0.01095
0.010715
0.00967
0.00865
0.00803
0.007405
0.006505
0.00574
0.005265
0.00422
0.00369
0.002795
0.00254
0.00201
0.00147
0.00106
0.000725
0.000395
0.000115
0.0
0.0
0.0
0.0
0.0
0.0
0.0
0.0
0.0
0.0
0.0
0.0
0.0
0.0
0.0
0.0
0.0
0.0
0.0
0.0
0.0
0.0
0.0
0.0
0.0
0.0
0.0
0.0
0.0
0.0
0.0
0.0
0.0
0.0
0.0
0.0
0.0
0.0
0.0
0.0
0.0
0.0
0.0
0.0
0.0
0.0
0.0
0.0
0.0