0.194905
0.19182
0.18931
0.187625
0.186395
0.18209
0.180115
0.178455
0.177135
0.173715
0.17192
0.17061
0.16717
0.165225
0.16328
0.160705
0.160605
0.15652
0.155595
0.15333
0.149985
0.146365
0.14571
0.14297
0.14137
0.13933
0.1382
0.134895
0.132775
0.13041
0.12824
0.12626
0.12468
0.122585
0.120745
0.11815
0.11504
0.11403
0.11105
0.10933
0.1067
0.104035
0.103195
0.10171
0.098875
0.097105
0.09478
0.092465
0.08983
0.08797
0.08714
0.08486
0.081805
0.0803
0.077085
0.07614
0.07398
0.073105
0.070965
0.06819
0.066605
0.064195
0.06304
0.060435
0.058075
0.056005
0.05434
0.052665
0.050935
0.049155
0.046755
0.04575
0.0436
0.0415
0.03954
0.03816
0.036225
0.034355
0.032805
0.031495
0.029585
0.02825
0.026445
0.02518
0.02309
0.02089
0.02006
0.01855
0.017
0.01622
0.014605
