0 0
1 0
2 0
3 0
4 0
5 0
6 0
7 0
8 0
9 0
10 0
11 0
12 0
13 0
14 0
15 0
16 0
17 0
18 0
19 0
20 0
21 0
22 0
23 0
24 0
25 0
26 0
27 0
28 0
29 0
30 0
31 0
32 0
33 0
34 0
35 0
36 0
37 0
38 0
39 0
40 0
41 0
42 0
43 0
44 0
45 0
46 0
47 17
48 51
49 89
50 24
51 19
52 24
53 18
54 32
55 22
56 27
57 22
58 26
59 28
60 27
61 17
62 13
63 26
64 26
65 27
66 22
67 25
68 30
69 13
70 21
71 13
72 19
73 23
74 22
75 20
76 25
77 27
78 18
79 15
80 24
81 27
82 18
83 29
84 28
85 28
86 26
87 27
88 23
89 21
90 34
91 26
92 27
93 24
94 32
95 25
96 21
97 20
98 35
99 21
100 24
101 31
102 19
103 23
104 23
105 26
106 24
107 20
108 26
109 40
110 32
111 34
112 22
113 40
114 24
115 28
116 36
117 34
118 48
119 16
120 32
121 26
122 35
123 25
124 19
125 27
126 24
127 26
128 29
129 25
130 30
131 24
132 18
133 29
134 42
135 33
136 31
137 37
138 35
139 23
140 36
141 34
142 27
143 38
144 39
145 34
146 50
147 36
148 39
149 40
150 39
151 47
152 47
153 52
154 50
155 53
156 60
157 54
158 77
159 80
160 81
161 71
162 70
163 76
164 78
165 81
166 95
167 100
168 87
169 104
170 125
171 121
172 106
173 98
174 112
175 112
176 128
177 135
178 133
179 154
180 131
181 127
182 167
183 142
184 143
185 131
186 163
187 142
188 135
189 149
190 163
191 156
192 147
193 143
194 152
195 143
196 158
197 150
198 144
199 130
200 183
201 145
202 156
203 135
204 151
205 138
206 166
207 127
208 142
209 154
210 145
211 141
212 143
213 125
214 136
215 134
216 135
217 131
218 137
219 132
220 134
221 152
222 121
223 133
224 110
225 108
226 142
227 127
228 126
229 123
230 132
231 129
232 138
233 131
234 135
235 129
236 108
237 132
238 130
239 111
240 114
241 140
242 132
243 119
244 112
245 119
246 112
247 137
248 118
249 120
250 104
251 106
252 98
253 114
254 112
255 101
256 121
257 107
258 107
259 134
260 114
261 91
262 124
263 119
264 98
265 99
266 101
267 108
268 108
269 92
270 116
271 94
272 101
273 113
274 117
275 108
276 97
277 102
278 109
279 96
280 113
281 103
282 113
283 103
284 94
285 94
286 95
287 123
288 98
289 100
290 91
291 80
292 91
293 96
294 98
295 94
296 84
297 89
298 97
299 96
300 74
301 82
302 86
303 79
304 83
305 87
306 88
307 95
308 84
309 83
310 91
311 81
312 100
313 98
314 84
315 88
316 90
317 93
318 77
319 97
320 94
321 75
322 83
323 96
324 92
325 94
326 72
327 85
328 79
329 75
330 73
331 69
332 85
333 78
334 56
335 88
336 76
337 80
338 88
339 70
340 84
341 71
342 82
343 71
344 58
345 69
346 72
347 67
348 69
349 79
350 56
351 68
352 73
353 74
354 73
355 72
356 64
357 68
358 62
359 63
360 66
361 71
362 75
363 61
364 63
365 64
366 74
367 78
368 70
369 81
370 62
371 74
372 71
373 73
374 73
375 62
376 57
377 68
378 77
379 65
380 74
381 67
382 63
383 58
384 64
385 59
386 67
387 59
388 64
389 54
390 47
391 58
392 54
393 67
394 57
395 79
396 54
397 58
398 47
399 51
400 56
401 46
402 86
403 64
404 62
405 62
406 65
407 52
408 55
409 58
410 48
411 58
412 58
413 58
414 56
415 49
416 57
417 47
418 46
419 38
420 68
421 59
422 59
423 44
424 53
425 54
426 46
427 51
428 38
429 52
430 46
431 48
432 60
433 59
434 46
435 45
436 49
437 50
438 56
439 47
440 41
441 45
442 50
443 49
444 40
445 56
446 42
447 45
448 49
449 53
450 48
451 58
452 43
453 37
454 44
455 46
456 46
457 38
458 50
459 45
460 42
461 42
462 38
463 36
464 37
465 45
466 47
467 43
468 45
469 55
470 46
471 38
472 50
473 34
474 43
475 35
476 42
477 45
478 48
479 40
480 43
481 41
482 47
483 51
484 48
485 30
486 45
487 36
488 30
489 44
490 36
491 44
492 41
493 32
494 37
495 44
496 40
497 51
498 35
499 38
500 35
501 45
502 36
503 38
504 38
505 39
506 36
507 36
508 34
509 39
510 40
511 38
512 43
513 35
514 30
515 32
516 42
517 41
518 47
519 25
520 27
521 28
522 41
523 28
524 39
525 43
526 41
527 36
528 34
529 35
530 22
531 36
532 39
533 26
534 34
535 45
536 25
537 36
538 28
539 31
540 24
541 41
542 36
543 28
544 29
545 29
546 32
547 45
548 27
549 30
550 28
551 28
552 33
553 27
554 32
555 30
556 27
557 34
558 29
559 19
560 32
561 31
562 27
563 16
564 26
565 33
566 33
567 21
568 27
569 32
570 35
571 13
572 25
573 21
574 33
575 26
576 23
577 35
578 28
579 29
580 20
581 27
582 23
583 16
584 22
585 22
586 22
587 27
588 21
589 24
590 26
591 27
592 29
593 24
594 21
595 20
596 27
597 19
598 22
599 24
600 29
601 19
602 28
603 21
604 22
605 35
606 20
607 25
608 22
609 24
610 17
611 25
612 20
613 21
614 25
615 31
616 17
617 21
618 28
619 31
620 23
621 19
622 22
623 21
624 16
625 26
626 21
627 20
628 23
629 28
630 19
631 21
632 17
633 15
634 29
635 19
636 27
637 18
638 15
639 20
640 12
641 15
642 27
643 22
644 16
645 17
646 22
647 23
648 22
649 14
650 16
651 17
652 22
653 17
654 16
655 16
656 16
657 19
658 21
659 24
660 25
661 19
662 12
663 15
664 16
665 11
666 23
667 16
668 16
669 16
670 16
671 13
672 19
673 19
674 19
675 15
676 10
677 15
678 14
679 17
680 23
681 18
682 6
683 19
684 16
685 16
686 18
687 16
688 8
689 26
690 21
691 22
692 22
693 26
694 19
695 12
696 16
697 11
698 12
699 18
700 11
701 11
702 13
703 11
704 18
705 9
706 16
707 16
708 18
709 18
710 9
711 20
712 18
713 15
714 12
715 18
716 15
717 7
718 13
719 8
720 15
721 16
722 16
723 13
724 8
725 12
726 10
727 19
728 13
729 12
730 14
731 20
732 20
733 13
734 14
735 14
736 13
737 13
738 10
739 15
740 7
741 14
742 12
743 14
744 12
745 15
746 12
747 11
748 10
749 13
750 8
751 17
752 11
753 15
754 9
755 16
756 10
757 11
758 20
759 9
760 10
761 9
762 14
763 10
764 16
765 18
766 8
767 13
768 15
769 10
770 10
771 10
772 16
773 3
774 18
775 13
776 8
777 14
778 11
779 11
780 11
781 9
782 11
783 11
784 9
785 13
786 7
787 14
788 15
789 9
790 12
791 5
792 8
793 6
794 8
795 7
796 12
797 6
798 13
799 16
800 6
801 18
802 11
803 6
804 13
805 14
806 5
807 10
808 16
809 8
810 14
811 9
812 15
813 6
814 12
815 9
816 10
817 9
818 8
819 7
820 10
821 13
822 9
823 7
824 14
825 9
826 9
827 11
828 9
829 7
830 9
831 16
832 8
833 8
834 5
835 8
836 9
837 7
838 13
839 7
840 12
841 12
842 10
843 8
844 7
845 8
846 13
847 12
848 8
849 12
850 10
851 7
852 10
853 4
854 12
855 4
856 11
857 5
858 9
859 10
860 12
861 7
862 10
863 4
864 6
865 8
866 8
867 3
868 8
869 10
870 7
871 10
872 12
873 7
874 7
875 7
876 6
877 5
878 11
879 7
880 1
881 8
882 3
883 8
884 6
885 5
886 10
887 11
888 10
889 8
890 5
891 4
892 12
893 15
894 7
895 7
896 5
897 7
898 9
899 6
900 6
901 8
902 11
903 9
904 5
905 1
906 5
907 7
908 7
909 7
910 3
911 6
912 10
913 9
914 9
915 7
916 4
917 7
918 9
919 2
920 10
921 6
922 5
923 3
924 7
925 10
926 6
927 9
928 4
929 4
930 10
931 12
932 7
933 4
934 6
935 8
936 11
937 7
938 8
939 3
940 5
941 6
942 8
943 9
944 7
945 2
946 3
947 2
948 5
949 10
950 3
951 7
952 5
953 8
954 4
955 7
956 6
957 4
958 5
959 2
960 6
961 7
962 1
963 7
964 2
965 6
966 6
967 10
968 6
969 4
970 4
971 4
972 2
973 3
974 5
975 2
976 7
977 3
978 4
979 3
980 6
981 6
982 3
983 5
984 4
985 4
986 3
987 5
988 11
989 4
990 4
991 2
992 4
993 6
994 4
995 6
996 5
997 12
998 8
999 8
1000 3
1001 6
1002 2
1003 4
1004 1
1005 3
1006 3
1007 1
1008 6
1009 6
1010 2
1011 1
1012 4
1013 5
1014 1
1015 0
1016 2
1017 5
1018 5
1019 4
1020 1
1021 2
1022 5
1023 3
1024 4
1025 4
1026 5
1027 3
1028 2
1029 5
1030 2
1031 8
1032 7
1033 6
1034 3
1035 2
1036 5
1037 5
1038 2
1039 5
1040 7
1041 3
1042 6
1043 3
1044 5
1045 7
1046 7
1047 4
1048 2
1049 4
1050 3
1051 5
1052 3
1053 5
1054 2
1055 4
1056 1
1057 2
1058 3
1059 3
1060 5
1061 1
1062 4
1063 4
1064 2
1065 3
1066 5
1067 3
1068 4
1069 5
1070 3
1071 3
1072 4
1073 10
1074 2
1075 2
1076 4
1077 2
1078 2
1079 3
1080 8
1081 4
1082 1
1083 8
1084 2
1085 4
1086 4
1087 6
1088 2
1089 5
1090 7
1091 3
1092 3
1093 2
1094 5
1095 6
1096 3
1097 4
1098 4
1099 3
1100 4
1101 6
1102 1
1103 5
1104 2
1105 6
1106 5
1107 5
1108 2
1109 3
1110 2
1111 4
1112 2
1113 4
1114 1
1115 3
1116 3
1117 3
1118 3
1119 1
1120 2
1121 6
1122 3
1123 4
1124 4
1125 4
1126 3
1127 2
1128 1
1129 1
1130 2
1131 9
1132 2
1133 2
1134 3
1135 5
1136 3
1137 2
1138 0
1139 2
1140 2
1141 1
1142 3
1143 3
1144 2
1145 3
1146 4
1147 4
1148 4
1149 2
1150 2
1151 2
1152 4
1153 4
1154 2
1155 5
1156 0
1157 1
1158 4
1159 6
1160 3
1161 5
1162 1
1163 6
1164 4
1165 2
1166 1
1167 3
1168 0
1169 6
1170 3
1171 3
1172 2
1173 3
1174 2
1175 2
1176 1
1177 0
1178 3
1179 2
1180 3
1181 3
1182 0
1183 4
1184 3
1185 3
1186 3
1187 0
1188 3
1189 3
1190 0
1191 7
1192 3
1193 1
1194 2
1195 1
1196 1
1197 2
1198 4
1199 5
1200 2
1201 6
1202 4
1203 3
1204 1
1205 4
1206 3
1207 1
1208 4
1209 2
1210 1
1211 2
1212 2
1213 1
1214 0
1215 3
1216 3
1217 7
1218 3
1219 2
1220 5
1221 1
1222 3
1223 0
1224 5
1225 2
1226 2
1227 2
1228 1
1229 0
1230 2
1231 0
1232 2
1233 1
1234 3
1235 4
1236 0
1237 2
1238 2
1239 1
1240 1
1241 5
1242 2
1243 3
1244 2
1245 0
1246 0
1247 2
1248 1
1249 3
1250 6
1251 0
1252 5
1253 1
1254 2
1255 2
1256 5
1257 2
1258 2
1259 2
1260 4
1261 2
1262 3
1263 2
1264 6
1265 3
1266 2
1267 0
1268 0
1269 3
1270 0
1271 1
1272 2
1273 4
1274 7
1275 5
1276 3
1277 3
1278 0
1279 3
1280 4
1281 4
1282 2
1283 1
1284 3
1285 0
1286 3
1287 0
1288 3
1289 0
1290 0
1291 3
1292 2
1293 1
1294 2
1295 0
1296 3
1297 0
1298 3
1299 1
1300 3
1301 1
1302 3
1303 1
1304 3
1305 2
1306 3
1307 3
1308 0
1309 7
1310 2
1311 2
1312 1
1313 2
1314 2
1315 2
1316 8
1317 1
1318 1
1319 0
1320 1
1321 1
1322 2
1323 1
1324 0
1325 1
1326 4
1327 2
1328 1
1329 3
1330 1
1331 3
1332 2
1333 1
1334 0
1335 2
1336 2
1337 1
1338 2
1339 3
1340 0
1341 1
1342 2
1343 2
1344 3
1345 1
1346 3
1347 3
1348 2
1349 2
1350 4
1351 2
1352 3
1353 0
1354 2
1355 1
1356 1
1357 0
1358 2
1359 2
1360 1
1361 0
1362 2
1363 0
1364 2
1365 1
1366 2
1367 1
1368 3
1369 1
1370 1
1371 1
1372 1
1373 3
1374 3
1375 4
1376 3
1377 0
1378 0
1379 4
1380 0
1381 1
1382 1
1383 3
1384 1
1385 0
1386 2
1387 0
1388 2
1389 0
1390 0
1391 0
1392 0
1393 2
1394 3
1395 1
1396 0
1397 1
1398 0
1399 3
1400 1
1401 2
1402 0
1403 2
1404 3
1405 3
1406 1
1407 0
1408 1
1409 0
1410 1
1411 1
1412 1
1413 0
1414 0
1415 1
1416 1
1417 0
1418 0
1419 2
1420 4
1421 1
1422 1
1423 2
1424 1
1425 4
1426 2
1427 1
1428 1
1429 1
1430 2
1431 1
1432 4
1433 3
1434 0
1435 0
1436 0
1437 5
1438 0
1439 1
1440 0
1441 1
1442 1
1443 0
1444 4
1445 2
1446 0
1447 1
1448 2
1449 2
1450 7
1451 0
1452 2
1453 4
1454 2
1455 1
1456 1
1457 1
1458 0
1459 2
1460 3
1461 1
1462 0
1463 1
1464 5
1465 0
1466 2
1467 1
1468 0
1469 2
1470 1
1471 0
1472 0
1473 2
1474 0
1475 1
1476 1
1477 1
1478 1
1479 2
1480 2
1481 2
1482 0
1483 2
1484 2
1485 1
1486 2
1487 2
1488 1
1489 0
1490 2
1491 2
1492 0
1493 1
1494 2
1495 2
1496 0
1497 3
1498 3
1499 0
1500 1
1501 1
1502 0
1503 3
1504 2
1505 2
1506 3
1507 1
1508 1
1509 1
1510 2
1511 1
1512 1
1513 0
1514 1
1515 4
1516 0
1517 4
1518 2
1519 1
1520 1
1521 1
1522 0
1523 1
1524 0
1525 1
1526 1
1527 3
1528 2
1529 0
1530 1
1531 0
1532 3
1533 1
1534 1
1535 3
1536 1
1537 2
1538 2
1539 1
1540 0
1541 3
1542 1
1543 0
1544 0
1545 0
1546 1
1547 1
1548 1
1549 1
1550 3
1551 3
1552 1
1553 0
1554 1
1555 0
1556 1
1557 3
1558 1
1559 0
1560 0
1561 3
1562 1
1563 2
1564 1
1565 1
1566 2
1567 0
1568 1
1569 3
1570 0
1571 1
1572 0
1573 2
1574 1
1575 3
1576 1
1577 2
1578 1
1579 1
1580 3
1581 0
1582 0
1583 1
1584 0
1585 1
1586 0
1587 0
1588 0
1589 2
1590 0
1591 3
1592 0
1593 2
1594 0
1595 1
1596 0
1597 3
1598 4
1599 1
1600 4
1601 0
1602 2
1603 0
1604 1
1605 1
1606 0
1607 2
1608 2
1609 1
1610 2
1611 1
1612 2
1613 1
1614 4
1615 0
1616 1
1617 3
1618 1
1619 3
1620 0
1621 2
1622 1
1623 1
1624 1
1625 1
1626 0
1627 2
1628 1
1629 0
1630 2
1631 2
1632 0
1633 2
1634 2
1635 0
1636 3
1637 3
1638 1
1639 3
1640 1
1641 0
1642 3
1643 1
1644 0
1645 1
1646 1
1647 1
1648 5
1649 2
1650 1
1651 2
1652 3
1653 2
1654 2
1655 2
1656 2
1657 0
1658 0
1659 1
1660 0
1661 0
1662 3
1663 1
1664 2
1665 5
1666 0
1667 1
1668 0
1669 1
1670 2
1671 2
1672 2
1673 1
1674 2
1675 2
1676 1
1677 2
1678 1
1679 0
1680 1
1681 2
1682 3
1683 2
1684 1
1685 0
1686 0
1687 2
1688 0
1689 1
1690 0
1691 1
1692 0
1693 1
1694 1
1695 2
1696 2
1697 0
1698 0
1699 2
1700 4
1701 1
1702 1
1703 0
1704 1
1705 1
1706 4
1707 0
1708 0
1709 1
1710 0
1711 1
1712 1
1713 2
1714 2
1715 1
1716 3
1717 3
1718 3
1719 0
1720 0
1721 1
1722 1
1723 0
1724 2
1725 2
1726 2
1727 0
1728 5
1729 0
1730 3
1731 1
1732 0
1733 2
1734 1
1735 2
1736 0
1737 1
1738 1
1739 0
1740 1
1741 0
1742 0
1743 3
1744 2
1745 4
1746 2
1747 1
1748 2
1749 2
1750 1
1751 1
1752 2
1753 0
1754 1
1755 3
1756 1
1757 0
1758 0
1759 0
1760 1
1761 2
1762 0
1763 0
1764 1
1765 0
1766 1
1767 1
1768 1
1769 1
1770 1
1771 2
1772 1
1773 1
1774 2
1775 0
1776 0
1777 1
1778 0
1779 1
1780 2
1781 4
1782 2
1783 0
1784 2
1785 1
1786 1
1787 1
1788 1
1789 4
1790 1
1791 1
1792 2
1793 0
1794 1
1795 1
1796 0
1797 1
1798 2
1799 2
1800 1
1801 2
1802 0
1803 0
1804 0
1805 1
1806 1
1807 1
1808 1
1809 0
1810 3
1811 0
1812 0
1813 0
1814 1
1815 1
1816 0
1817 1
1818 0
1819 1
1820 5
1821 2
1822 0
1823 0
1824 1
1825 1
1826 2
1827 0
1828 2
1829 1
1830 0
1831 2
1832 0
1833 1
1834 0
1835 1
1836 4
1837 2
1838 2
1839 1
1840 2
1841 1
1842 2
1843 1
1844 3
1845 0
1846 0
1847 1
1848 2
1849 2
1850 1
1851 1
1852 0
1853 1
1854 1
1855 0
1856 1
1857 0
1858 0
1859 1
1860 0
1861 1
1862 0
1863 0
1864 1
1865 0
1866 1
1867 2
1868 1
1869 0
1870 0
1871 0
1872 0
1873 0
1874 2
1875 3
1876 0
1877 0
1878 2
1879 1
1880 2
1881 1
1882 1
1883 1
1884 0
1885 1
1886 1
1887 1
1888 2
1889 1
1890 0
1891 2
1892 2
1893 4
1894 2
1895 0
1896 2
1897 0
1898 2
1899 1
1900 1
1901 1
1902 1
1903 1
1904 0
1905 2
1906 1
1907 0
1908 2
1909 0
1910 0
1911 1
1912 0
1913 2
1914 0
1915 1
1916 0
1917 2
1918 2
1919 1
1920 1
1921 1
1922 0
1923 1
1924 1
1925 2
1926 2
1927 2
1928 0
1929 3
1930 2
1931 4
1932 1
1933 1
1934 0
1935 2
1936 1
1937 1
1938 3
1939 4
1940 1
1941 1
1942 2
1943 1
1944 1
1945 1
1946 2
1947 0
1948 1
1949 0
1950 2
1951 0
1952 3
1953 0
1954 1
1955 1
1956 2
1957 0
1958 0
1959 3
1960 1
1961 2
1962 1
1963 1
1964 0
1965 1
1966 0
1967 3
1968 0
1969 2
1970 2
1971 1
1972 1
1973 2
1974 0
1975 3
1976 2
1977 1
1978 2
1979 1
1980 1
1981 1
1982 0
1983 1
1984 1
1985 0
1986 0
1987 0
1988 1
1989 1
1990 1
1991 0
1992 0
1993 1
1994 0
1995 3
1996 1
1997 0
1998 2
1999 0
2000 2
2001 1
2002 1
2003 1
2004 2
2005 1
2006 3
2007 2
2008 1
2009 0
2010 0
2011 1
2012 0
2013 0
2014 0
2015 0
2016 0
2017 0
2018 0
2019 0
2020 0
2021 0
2022 0
2023 0
2024 0
2025 0
2026 0
2027 0
2028 0
2029 0
2030 0
2031 0
2032 0
2033 0
2034 0
2035 0
2036 0
2037 0
2038 0
2039 0
2040 0
2041 0
2042 0
2043 0
2044 0
2045 0
2046 0
2047 0