$SPEC_ID:
No sample description was entered.
$SPEC_REM:
DET# 1
DETDESC# PHY-R11-68 MCB 129
AP# Maestro Version 7.01
$DATE_MEA:
03/01/2019 15:27:37
$MEAS_TIM:
100 106
$DATA:
0 2047
       0
       0
       0
       0
       0
       0
       0
       0
       0
       0
       0
       0
       0
       0
       0
       0
       0
       0
       0
       0
       0
       0
       0
       0
       0
       0
       0
       0
       0
       0
       0
       0
       0
       0
       0
       0
       0
       0
       0
       0
       0
       0
       0
       0
       0
       0
       0
       0
       0
     271
     707
     703
     686
     697
     687
     674
     671
     651
     683
     617
     646
     658
     681
     636
     665
     690
     670
     659
     657
     605
     668
     624
     637
     636
     570
     590
     594
     603
     586
     607
     566
     602
     555
     540
     604
     555
     565
     571
     550
     543
     561
     566
     550
     547
     538
     555
     512
     559
     513
     526
     516
     472
     528
     505
     519
     487
     491
     531
     496
     497
     502
     526
     442
     499
     477
     520
     491
     485
     499
     503
     470
     501
     478
     496
     503
     462
     490
     496
     492
     494
     468
     502
     482
     495
     484
     484
     477
     467
     518
     479
     446
     457
     488
     488
     477
     483
     542
     488
     491
     491
     522
     495
     484
     488
     476
     526
     501
     479
     464
     490
     520
     484
     484
     490
     469
     508
     506
     503
     487
     501
     516
     485
     497
     501
     544
     503
     498
     512
     490
     511
     514
     515
     534
     536
     540
     537
     520
     495
     543
     514
     499
     512
     518
     490
     521
     562
     563
     491
     498
     547
     562
     516
     496
     571
     486
     474
     484
     471
     462
     445
     482
     425
     401
     380
     397
     381
     404
     391
     359
     380
     397
     407
     408
     410
     402
     404
     400
     374
     388
     383
     360
     381
     348
     367
     352
     371
     349
     334
     346
     323
     282
     274
     260
     289
     262
     262
     277
     265
     252
     264
     216
     233
     253
     230
     220
     221
     212
     242
     200
     217
     194
     210
     211
     238
     225
     185
     221
     192
     181
     185
     179
     179
     158
     187
     176
     151
     151
     143
     151
     144
     146
     143
     142
     128
     139
     131
     135
     134
     135
     106
     115
     122
     110
     118
     114
     114
     107
     102
     105
      83
     104
     108
      89
      79
      95
      89
      96
      90
      91
      82
     106
      96
      97
      83
      85
      82
      86
      90
      88
      84
      77
      79
      82
      97
     101
      68
      64
      84
      68
      62
      96
      86
      54
      71
      64
      87
      63
      62
      71
      68
      63
      62
      48
      64
      56
      58
      46
      63
      55
      58
      62
      58
      60
      59
      56
      45
      48
      52
      60
      55
      56
      64
      48
      59
      62
      58
      48
      56
      44
      54
      52
      51
      55
      47
      48
      63
      51
      46
      47
      58
      50
      40
      44
      57
      43
      46
      44
      42
      42
      41
      42
      35
      34
      36
      50
      49
      32
      47
      39
      38
      44
      34
      43
      30
      44
      43
      39
      42
      33
      26
      40
      49
      33
      40
      38
      35
      39
      30
      36
      44
      37
      41
      39
      40
      31
      34
      42
      43
      33
      43
      51
      46
      39
      47
      53
      52
      56
      48
      53
      37
      40
      40
      48
      26
      27
      30
      32
      32
      31
      35
      25
      28
      26
      30
      31
      22
      28
      17
      28
      30
      20
      25
      29
      26
      28
      21
      26
      30
      25
      27
      31
      20
      33
      13
      26
      30
      27
      29
      18
      26
      33
      22
      26
      27
      37
      31
      30
      28
      33
      25
      30
      26
      29
      28
      20
      20
      33
      14
      27
      21
      24
      24
      25
      28
      29
      17
      24
      21
      26
      20
      18
      13
      17
      26
      28
      18
      17
      22
      23
      25
      18
      21
      17
      20
      12
      20
      27
      24
      26
      19
      20
      16
      17
      22
      22
      20
      16
      25
      13
      26
      14
      14
      18
      15
      20
      28
      15
      19
      15
      15
      21
      21
      22
      23
      13
      14
      21
      17
      27
      18
      31
      18
      28
      34
      36
      32
      36
      30
      22
      26
      13
      24
      24
      23
      23
      22
      17
      17
      21
      26
      13
      21
      14
      15
      15
      13
      16
      13
      12
      12
      13
      11
      18
       8
      10
      31
      14
      20
      17
      17
      17
      12
      17
      13
      11
      12
      21
      17
      14
       9
      17
      11
      14
      16
      10
      12
      14
      17
      16
      12
      20
      13
      15
      21
      15
      17
      14
      14
      16
      26
      21
      15
      17
      19
      18
      16
      23
      16
      10
       8
      19
      18
      19
      20
      19
      11
      14
      12
      19
      13
      13
      19
       7
      18
      15
      11
      14
      12
      11
      12
      19
      10
      15
      12
      16
      15
      15
      22
       9
      14
      15
      14
      16
      12
      17
      18
      11
      16
      17
      23
      12
      13
      16
      14
      14
      19
      14
      14
      22
       9
      11
      17
      15
      18
      19
       9
      17
      16
      21
      21
      23
      13
      15
       7
      19
      19
      13
      17
      22
       8
      18
      20
      21
      19
       9
      14
      18
      19
      20
      21
      23
      20
       8
      24
      15
      24
      23
      19
      18
      22
      18
      11
      17
      11
      23
      20
      12
      19
      15
      10
      21
       9
      10
      11
      18
      15
      21
      24
      12
      13
      19
      21
      20
      19
      13
      18
      11
      18
      13
      22
      20
      25
      26
      24
      22
      24
      34
      46
      27
      43
      56
      70
      72
      93
     104
     117
     141
     160
     175
     182
     176
     226
     219
     233
     233
     188
     214
     189
     180
     160
     158
     128
     139
      93
      77
      80
      73
      51
      45
      45
      40
      30
      30
      27
      27
      24
      19
      18
      21
      27
      21
      19
      18
      22
      25
      12
      18
      24
      21
      18
      20
      25
      21
      25
      20
      20
      23
      20
      17
      14
      14
      22
      19
      17
      16
      19
      18
      16
      22
      12
      15
      16
      16
      25
      19
      19
      18
      17
      21
      18
      12
      18
      12
      19
      21
      23
      23
      19
      22
      20
      26
      20
      13
      17
      15
      24
      13
      18
      12
      20
      16
      14
      21
      23
      17
      32
      24
      31
      44
      41
      41
      55
      55
      56
      60
      68
      49
      61
      53
      51
      53
      60
      39
      36
      31
      32
      32
      27
      31
      26
      28
      29
      24
      22
      24
      24
      27
      13
      26
      31
      25
      20
      30
      17
      18
      19
      10
      20
      18
       9
      22
      24
       7
      14
      13
      15
      19
      11
      16
      15
       9
      11
      17
      16
      24
      11
      10
      15
      16
      21
      17
      18
      14
       9
      19
      23
      12
      15
      26
      17
      13
      16
      14
      11
      17
       9
      11
      14
      21
      15
      12
      21
      18
      22
      17
      20
      11
      16
      18
      16
      19
      15
      18
      15
      16
      12
      11
      14
      20
      11
      17
      11
      18
      13
      15
      20
      12
      15
      23
      21
      18
      13
      13
      12
      13
      11
      18
      18
      15
      14
      18
      15
      14
      15
      18
      17
      17
      12
      20
      12
      20
      14
      20
      11
      14
      15
      28
      15
      20
      10
      16
      14
      20
      13
      22
      26
      18
      18
      22
      20
      15
      15
      17
      21
      18
      14
      19
      23
      13
      18
      20
      19
      17
      20
      20
      24
      17
      15
      16
      14
      20
      25
      28
      17
      24
      18
      18
      23
      20
      10
      15
      15
      12
      17
      20
      19
      15
      17
      19
      25
      17
      15
      21
      21
      21
      23
      16
      19
      13
      30
      20
      13
      19
      25
      20
      27
      19
      32
      17
      29
      21
      16
      19
      30
      27
      22
      23
      23
      15
      17
      25
      21
      18
      18
      23
      15
      17
      26
      29
      28
      27
      19
      35
      19
      25
      21
      26
      30
      26
      17
      26
      23
      18
      29
      29
      28
      29
      26
      22
      26
      21
      27
      26
      38
      24
      29
      35
      27
      29
      29
      28
      31
      22
      23
      20
      26
      23
      32
      32
      25
      27
      19
      31
      29
      34
      24
      44
      30
      29
      35
      35
      33
      30
      23
      34
      37
      39
      32
      32
      33
      35
      45
      35
      44
      41
      40
      39
      50
      45
      31
      46
      41
      44
      46
      40
      42
      44
      37
      35
      42
      39
      46
      45
      49
      41
      46
      52
      49
      48
      42
      57
      52
      59
      60
      42
      63
      62
      47
      65
      42
      57
      64
      61
      64
      73
      71
      59
      77
      81
      79
      81
      77
      75
      78
      79
      78
      77
      86
      83
      95
      84
      97
      78
      90
      84
     100
      86
     116
      92
      88
     105
      86
      90
      99
     105
      97
      80
      94
     127
      96
      93
     123
      96
      88
     107
     108
     100
      99
      94
      91
      91
     108
      89
     103
      93
      87
     104
      97
      94
      90
     101
     105
      89
     111
      84
     107
      93
     102
      70
      89
      95
     101
     100
      92
      94
      99
      91
      94
      92
      96
      99
     107
     100
     101
     110
     104
      94
     108
      94
     104
     111
     106
     112
      96
     118
     105
     105
     127
     110
     114
     107
     106
     105
     113
     111
     118
     129
     123
     122
     126
     114
     120
     133
     106
     133
     114
     135
     111
     118
     131
     131
     130
     129
     137
     148
     130
     137
     158
     147
     128
     159
     168
     151
     168
     165
     143
     169
     168
     173
     175
     179
     192
     193
     180
     177
     191
     169
     198
     181
     212
     215
     223
     211
     216
     204
     266
     229
     206
     218
     255
     232
     244
     232
     252
     263
     272
     297
     293
     284
     333
     311
     341
     336
     334
     373
     378
     355
     377
     367
     427
     386
     434
     459
     470
     460
     523
     562
     539
     563
     658
     688
     747
     775
     842
     967
    1084
    1168
    1369
    1589
    1825
    2098
    2457
    2741
    3048
    3319
    3717
    4079
    4430
    4678
    4931
    5000
    5154
    5189
    5152
    4998
    4840
    4663
    4412
    4100
    4065
    3892
    3825
    3847
    4020
    4173
    4547
    4764
    5138
    5687
    6022
    6777
    7076
    7474
    7823
    8019
    8140
    7964
    7789
    7623
    6724
    6458
    5957
    5120
    4633
    3910
    3348
    2818
    2424
    1938
    1476
    1350
    1016
     836
     612
     498
     403
     339
     242
     215
     176
     155
     114
     110
      98
     110
     101
      78
      79
      87
      74
      70
      87
      78
      69
      72
      68
      73
      62
      79
      57
      58
      57
      60
      61
      66
      62
      56
      73
      70
      53
      51
      55
      54
      61
      54
      55
      58
      61
      50
      61
      41
      55
      69
      56
      66
      72
      50
      57
      51
      69
      45
      66
      58
      58
      59
      60
      44
      49
      52
      75
      65
      59
      64
      52
      68
      44
      57
      52
      58
      77
      59
      52
      69
      66
      60
      66
      65
      58
      66
      66
      64
      66
      83
      69
      67
      75
      85
      75
      73
      83
      79
      88
      79
      74
      68
      91
      88
      96
      83
     105
      94
      95
      92
      93
     110
     126
      90
     106
     133
     113
     139
     107
     119
     112
     118
     132
     122
     130
     120
     141
     138
     143
     145
     156
     153
     151
     174
     157
     174
     162
     194
     136
     184
     188
     185
     195
     204
     200
     209
     190
     217
     250
     290
     297
     277
     327
     339
     371
     397
     466
     528
     641
     655
     791
     912
     970
    1068
    1234
    1358
    1517
    1594
    1674
    1754
    1800
    1897
    1807
    1905
    1777
    1794
    1729
    1577
    1490
    1374
    1246
    1072
     916
     884
     746
     610
     466
     434
     387
     325
     289
     241
     216
     187
     155
     138
     144
     131
     130
     128
     139
     109
     136
     176
     208
     196
     216
     231
     291
     323
     366
     402
     379
     429
     455
     435
     515
     497
     447
     441
     453
     425
     406
     390
     345
     317
     260
     253
     187
     177
     154
     138
     110
      91
      96
      70
      64
      53
      48
      39
      30
      32
      29
      19
      16
      20
      15
      18
      18
      12
      11
      12
      13
      16
      12
       9
      13
       8
      10
      15
      13
      13
      15
      10
       8
      12
      10
       7
       9
       9
       6
      13
       6
       6
       8
      10
       9
       8
       5
      14
       7
       8
      10
       7
      10
      11
       6
      13
       6
       9
       6
       9
       8
      11
      11
      11
       9
       8
       9
       4
       8
       5
       4
       6
      14
       8
       6
       4
       6
      10
       8
      12
       9
       4
       7
       6
       7
       8
       5
      16
      10
      12
       4
       6
       6
      11
       1
       5
       4
       8
       8
       4
       5
       6
      10
       6
       5
      15
      10
       9
       6
       5
       8
       8
       4
       9
      13
       9
       7
       3
       7
       5
       7
       6
       5
      14
       4
       7
       7
      10
       4
       7
       6
       9
       5
      10
       8
       3
       6
       5
       3
       9
       5
       2
       3
       3
       7
       8
      10
      10
       8
       8
       5
       5
       9
      10
       6
       4
       6
       8
       3
       8
       7
       6
       7
       5
       1
       4
       8
       4
       6
       6
       7
       2
       2
       4
       9
       4
       8
       8
       9
       4
       5
       8
       5
      14
      10
      11
       5
       3
       4
       9
       5
       4
       7
      12
       7
       7
       8
      12
       7
       3
      18
       7
      11
       7
      10
      12
       3
      14
      15
      11
      13
       9
       9
      11
      13
      10
       8
      16
      15
      12
      23
      24
      16
      25
      39
      34
      37
      47
      54
      46
      66
      85
      90
     114
     100
     116
     133
     120
     128
     143
     133
     115
     124
     116
     101
      92
      75
      74
      66
      72
      60
      44
      37
      26
      32
      20
      11
      14
      13
       8
      10
       2
       5
       1
       1
       1
       0
       0
       3
       0
       1
       1
       1
       3
       3
       1
       1
       0
       0
       0
       3
       0
       0
       1
       1
       1
       3
       1
       1
       0
       1
       2
       0
       2
       1
       0
       0
       1
       2
       2
       0
       0
       0
       2
       0
       1
       0
       0
       1
       0
       0
       0
       0
       0
       2
       0
       1
       1
       1
       0
       1
       0
       0
       0
       0
       0
       0
       0
       0
       0
       0
       0
       0
       0
       0
       0
       0
       0
       0
       0
       0
       0
       0
       0
       0
       0
       0
       0
       0
       0
       0
       0
       0
$ROI:
0
$PRESETS:
Live Time
100
0
$ENER_FIT:
0.000000 0.000000
$MCA_CAL:
3
0.000000E+000 0.000000E+000 0.000000E+000 
$SHAPE_CAL:
3
0.000000E+000 0.000000E+000 0.000000E+000
