$SPEC_ID:
No sample description was entered.
$SPEC_REM:
DET# 1
DETDESC# PHY-R11-68 MCB 129
AP# Maestro Version 7.01
$DATE_MEA:
03/01/2019 15:48:29
$MEAS_TIM:
100 106
$DATA:
0 2047
       0
       0
       0
       0
       0
       0
       0
       0
       0
       0
       0
       0
       0
       0
       0
       0
       0
       0
       0
       0
       0
       0
       0
       0
       0
       0
       0
       0
       0
       0
       0
       0
       0
       0
       0
       0
       0
       0
       0
       0
       0
       0
       0
       0
       0
       0
       0
       0
       0
     279
     688
     681
     698
     666
     712
     636
     689
     677
     652
     659
     622
     656
     660
     705
     634
     649
     677
     615
     614
     648
     596
     634
     660
     599
     608
     568
     584
     598
     566
     610
     542
     596
     568
     540
     598
     581
     512
     547
     550
     602
     525
     552
     513
     561
     519
     583
     514
     501
     555
     552
     518
     540
     502
     506
     546
     494
     499
     520
     510
     488
     515
     483
     487
     442
     506
     507
     480
     504
     518
     484
     492
     487
     492
     495
     463
     520
     527
     487
     456
     496
     511
     448
     522
     526
     491
     448
     466
     458
     513
     491
     465
     492
     462
     486
     475
     485
     489
     471
     481
     495
     456
     493
     447
     477
     533
     519
     491
     494
     461
     487
     499
     443
     521
     521
     479
     521
     489
     502
     513
     538
     491
     501
     547
     531
     558
     524
     498
     513
     448
     499
     525
     500
     496
     494
     526
     543
     510
     522
     497
     470
     532
     484
     519
     550
     492
     536
     463
     573
     546
     550
     507
     543
     507
     557
     498
     504
     508
     479
     459
     455
     444
     453
     402
     413
     420
     401
     391
     382
     395
     379
     363
     414
     408
     429
     399
     418
     374
     402
     370
     410
     399
     371
     390
     352
     316
     315
     323
     299
     280
     311
     301
     261
     267
     280
     258
     241
     251
     222
     255
     225
     233
     233
     219
     249
     216
     221
     216
     232
     210
     217
     226
     204
     222
     197
     194
     209
     219
     197
     208
     173
     171
     175
     150
     182
     142
     147
     141
     150
     145
     131
     160
     129
     134
     116
     157
     137
     137
     112
     116
     106
     126
     106
     103
     129
     106
     108
     105
     105
     109
     116
      86
      76
      84
      95
     109
      97
      97
      81
      96
      75
     103
      87
      78
     100
      80
      77
      81
      68
      85
     103
      72
      82
      74
      71
      71
      73
      82
      78
      78
      67
      64
      62
      82
      68
      87
      74
      78
      84
      68
      69
      59
      66
      55
      67
      64
      58
      70
      59
      74
      53
      47
      61
      57
      72
      45
      56
      55
      67
      53
      59
      48
      49
      48
      42
      56
      47
      56
      51
      64
      43
      49
      59
      46
      51
      47
      43
      46
      49
      45
      42
      42
      35
      40
      41
      39
      45
      38
      39
      39
      38
      38
      32
      44
      45
      41
      40
      36
      51
      34
      30
      44
      39
      26
      34
      39
      37
      50
      31
      29
      34
      53
      34
      32
      46
      34
      37
      37
      34
      41
      43
      29
      24
      37
      41
      34
      39
      35
      40
      43
      51
      37
      43
      37
      47
      54
      58
      40
      44
      51
      40
      47
      39
      38
      28
      25
      35
      29
      23
      29
      27
      40
      27
      28
      25
      25
      30
      23
      24
      26
      29
      26
      28
      25
      32
      14
      31
      27
      31
      25
      25
      24
      34
      26
      26
      23
      29
      28
      21
      24
      14
      23
      35
      31
      27
      31
      24
      29
      30
      33
      28
      33
      24
      29
      19
      32
      17
      28
      25
      17
      31
      21
      32
      26
      22
      22
      20
      18
      24
      26
      26
      25
      27
      18
      18
      14
      25
      15
      21
      23
      20
      11
      16
      14
      16
      19
      19
      24
      17
       9
      13
      15
      18
      16
      21
      16
      20
      11
      28
      23
      17
      24
      22
      14
      16
      24
      24
      23
      19
      16
      13
      24
      20
      19
      19
      25
      18
      19
      30
      34
      24
      23
      24
      25
      30
      31
      32
      21
      30
      29
      34
      33
      33
      20
      22
      20
      15
      16
      23
      15
      23
      18
      15
      10
      16
      16
      18
      19
      12
      14
      15
      16
      12
       9
      18
      11
      18
      17
      15
      18
      10
      14
       7
      16
      14
      12
      11
       8
      10
      14
      14
      14
      12
       7
      12
      13
       9
      11
      26
      19
      10
      12
      13
      11
      19
      19
      16
      13
      16
      17
      14
      21
      18
      25
      23
      22
      19
      17
      13
      20
      28
      19
      21
      11
      12
      16
      14
      15
      13
      12
      19
      16
      24
      16
      20
      12
      13
      10
      20
      12
      15
      16
      17
      12
      15
      16
      24
      14
      12
      18
      12
      10
      16
      15
      12
      11
      15
      19
      10
      11
      19
      17
      15
      10
      23
      18
      18
      10
      23
      18
      17
      18
      14
      14
      21
      17
      23
      13
      15
      14
      19
      18
      17
      23
      18
      25
      10
      10
      19
      13
      16
      11
      11
      17
      20
      14
      22
      16
      19
      15
      26
      17
      14
      15
      19
      15
      12
      20
      16
      21
      10
      29
      17
      20
      21
      24
       8
      15
      19
      20
      20
      22
      17
       7
      29
      18
      23
      15
      18
      15
      16
      16
      17
      12
      14
      22
      19
      23
      14
      19
      19
      18
      28
      21
      17
      24
      24
      28
      28
      32
      45
      49
      54
      80
      92
      98
     123
     118
     155
     175
     172
     197
     211
     203
     203
     231
     203
     201
     233
     169
     186
     159
     141
     128
     114
      91
      87
      68
      53
      60
      35
      31
      25
      37
      25
      17
      22
      16
      22
      20
      25
      11
      25
      15
      25
      17
      18
      19
      30
      18
      26
      22
      17
      21
      28
      21
      18
      22
      15
      19
      13
      21
      11
      19
      15
      22
      15
      12
      26
      22
      21
      15
      13
      16
      15
      15
      21
      22
      20
      17
      20
      18
      28
      18
      17
      18
      17
      29
      18
      21
      21
      19
      24
      19
      21
      11
      21
      11
      21
      24
      24
      20
      21
      24
      27
      31
      42
      36
      39
      48
      44
      48
      47
      62
      60
      46
      58
      53
      53
      61
      46
      48
      50
      40
      47
      33
      39
      44
      25
      41
      27
      37
      35
      28
      26
      21
      26
      24
      21
      23
      18
      19
      25
      20
      16
      15
      12
      10
      14
       9
      18
      16
      18
      20
      17
      15
      19
      15
      18
      21
      10
      19
      13
      20
      10
      21
      20
      10
      16
      20
      15
      14
      18
      12
      17
      11
      19
      13
      16
      13
      27
      12
      12
      11
       8
      18
      15
      12
      24
      13
       7
      14
      13
      16
      12
      10
      12
      14
       6
      10
      20
      12
      14
      12
      14
      17
       9
      17
      15
      16
      17
      13
      22
      19
      14
      18
      19
       6
      23
      12
      19
      15
      10
      22
      13
      15
      12
      12
      15
      21
      16
      13
      13
       6
      16
      11
      16
      19
       9
      18
      20
      17
      21
      17
      13
       8
      19
      17
      18
      21
      18
      17
      16
      17
      15
      15
      17
      16
      25
       9
      23
      13
       9
      13
      18
      18
      14
      14
      17
      16
      25
      20
      21
      18
      17
      19
      21
      22
      18
      24
      23
      14
      21
      21
      26
      18
      25
      20
      19
      24
      21
      18
      18
      16
      16
      17
      20
      22
      18
      23
      20
      21
      29
      25
      17
      18
      25
      15
      31
      20
      22
      26
      20
      24
      27
      21
      15
      26
      31
      24
      18
      23
      25
      26
      25
      24
      20
      22
      20
      26
      25
      24
      22
      20
      33
      18
      23
      30
      26
      25
      32
      28
      25
      29
      27
      25
      21
      24
      29
      18
      23
      28
      21
      38
      24
      20
      19
      27
      32
      19
      35
      40
      23
      17
      29
      26
      40
      35
      30
      42
      26
      27
      21
      26
      32
      34
      36
      35
      39
      28
      31
      33
      25
      35
      40
      21
      32
      26
      41
      35
      30
      42
      31
      31
      31
      37
      28
      42
      45
      31
      47
      46
      46
      35
      39
      56
      36
      45
      37
      37
      48
      39
      46
      34
      41
      64
      38
      57
      50
      59
      36
      38
      47
      43
      75
      46
      49
      60
      45
      45
      43
      49
      61
      58
      62
      66
      59
      72
      48
      55
      58
      63
      74
      67
      72
      64
      60
      63
      80
      84
      66
      67
      99
      86
      93
      64
      96
      85
      94
     106
      78
      83
      92
      96
      91
     103
      93
      95
     100
      89
      88
      83
     123
     112
      89
      92
     107
      79
     101
      89
     109
     106
     103
      84
     107
     106
     112
      85
      98
     116
     117
     106
      99
     108
      97
      96
      80
     119
     102
     108
     104
      84
      89
      88
      83
      97
      90
     108
      93
     119
     114
     105
     115
     121
     102
     110
     100
     106
     114
     104
     133
     107
     101
     131
     113
     118
     114
      93
     124
     123
     107
     110
     118
     112
     106
     122
     131
     129
     100
     119
     144
     119
     146
     131
     131
     133
     116
     143
     129
     140
     145
     132
     155
     140
     149
     157
     135
     155
     144
     147
     144
     159
     147
     163
     151
     168
     129
     178
     152
     162
     168
     195
     193
     185
     175
     181
     180
     193
     205
     177
     186
     228
     186
     227
     203
     217
     223
     239
     206
     242
     216
     229
     230
     222
     279
     269
     290
     267
     274
     264
     270
     283
     260
     299
     323
     321
     320
     356
     305
     304
     384
     339
     366
     368
     379
     402
     433
     413
     418
     460
     493
     492
     502
     487
     547
     542
     576
     577
     610
     613
     662
     668
     778
     796
     853
     906
    1108
    1177
    1294
    1493
    1682
    1908
    2312
    2573
    2824
    3231
    3654
    4059
    4246
    4598
    4841
    5014
    5085
    5114
    5059
    5052
    4910
    4502
    4447
    4131
    4065
    3775
    3626
    3645
    3704
    3947
    4121
    4460
    4984
    5347
    5804
    6500
    6926
    7230
    7628
    8028
    8046
    7923
    7816
    7521
    7067
    6519
    6183
    5350
    4841
    4053
    3586
    2939
    2461
    2021
    1627
    1363
    1050
     812
     610
     506
     409
     308
     245
     210
     192
     149
     147
     106
     109
     120
      81
      89
      88
      82
      71
      80
      66
      75
      64
      72
      53
      54
      62
      69
      71
      75
      69
      48
      69
      77
      70
      55
      68
      63
      70
      55
      59
      51
      45
      69
      67
      45
      67
      48
      69
      67
      54
      61
      55
      53
      60
      51
      58
      57
      59
      49
      48
      59
      47
      47
      49
      62
      56
      74
      52
      58
      70
      73
      64
      82
      68
      58
      63
      74
      55
      65
      63
      79
      69
      69
      83
      70
      65
      59
      92
      88
      79
      75
      83
      84
      80
      80
      89
      73
      84
      80
      83
      79
      84
      87
      88
     118
      97
      79
      94
     122
     104
      90
     114
     109
     114
     112
     125
     117
     116
     123
     137
     133
     124
     140
     152
     107
     135
     136
     141
     171
     153
     181
     145
     153
     164
     189
     180
     177
     184
     194
     192
     160
     202
     216
     206
     188
     229
     216
     207
     217
     213
     225
     244
     250
     287
     331
     337
     351
     415
     495
     511
     630
     688
     779
     885
    1058
    1095
    1206
    1397
    1469
    1592
    1683
    1852
    1819
    1861
    1951
    1908
    1785
    1792
    1606
    1505
    1372
    1248
    1191
     979
     889
     775
     660
     559
     448
     392
     328
     295
     252
     232
     170
     167
     150
     123
     127
     129
     127
     130
     127
     135
     153
     159
     210
     204
     224
     253
     282
     322
     347
     404
     442
     396
     443
     451
     490
     471
     472
     486
     444
     396
     373
     340
     337
     282
     275
     200
     174
     179
     140
     116
     111
      82
      68
      69
      42
      43
      46
      29
      25
      11
      18
      20
      12
      10
      15
      11
      13
       7
      17
       7
      12
       9
      15
       9
      11
      12
       7
       7
      12
       8
      11
      11
       7
       7
      13
      12
      13
      13
       6
       8
       4
      12
      14
      11
       9
      11
      16
       8
      16
       8
       6
       6
       8
       9
       7
       2
      13
       8
       5
       7
       8
       6
       6
       7
       6
       8
       7
      14
       4
       5
       9
      11
       6
      15
       6
       7
       5
      12
       9
      12
       4
       4
       9
      10
       8
      10
       3
       9
      10
      18
      11
       9
      10
       8
       3
       5
       8
       9
       6
       4
       7
       7
       8
      10
       5
       7
       7
       6
       2
       6
       6
       9
       6
       4
       6
       3
       5
       6
       6
       7
       7
       7
       6
       3
       8
       9
       7
      14
       4
       4
       7
       5
       4
       7
       4
       5
       3
      13
      10
      13
       4
       9
       5
       6
       8
       7
       6
       3
       5
       5
       6
       9
       8
       9
       7
      10
       4
       4
      12
       9
       5
       6
       6
       5
      10
       7
       5
      11
       7
       5
       3
       8
       8
       9
       9
       6
       5
       7
      11
       7
      10
      11
       5
      12
       9
       8
       7
      10
       9
       7
      11
      10
      15
      13
       8
       8
      10
       7
       8
       9
       9
       7
       8
      10
       8
      14
       5
      11
      11
      10
      11
       9
      11
       9
      14
      15
       9
      16
       8
      17
      14
      19
      24
      22
      21
      37
      26
      48
      51
      77
      76
      88
      86
      97
     104
     110
     104
     129
     131
     142
     139
     135
     113
     105
     103
      78
      88
      72
      68
      69
      44
      33
      36
      24
      26
      15
      10
       8
      10
       4
      13
       3
       4
       8
       4
       3
       0
       2
       1
       2
       0
       0
       0
       0
       1
       0
       0
       1
       0
       0
       1
       0
       0
       0
       0
       1
       1
       0
       0
       2
       0
       1
       0
       3
       0
       1
       1
       1
       0
       0
       1
       1
       2
       1
       1
       1
       0
       2
       1
       1
       0
       0
       0
       3
       1
       1
       1
       0
       1
       2
       0
       0
       0
       0
       0
       0
       0
       0
       0
       0
       0
       0
       0
       0
       0
       0
       0
       0
       0
       0
       0
       0
       0
       0
       0
       0
       0
       0
       0
       0
       0
       0
$ROI:
0
$PRESETS:
Live Time
100
0
$ENER_FIT:
0.000000 0.000000
$MCA_CAL:
3
0.000000E+000 0.000000E+000 0.000000E+000 
$SHAPE_CAL:
3
0.000000E+000 0.000000E+000 0.000000E+000
