$SPEC_ID:
No sample description was entered.
$SPEC_REM:
DET# 1
DETDESC# PHY-R11-68 MCB 129
AP# Maestro Version 7.01
$DATE_MEA:
03/01/2019 16:03:15
$MEAS_TIM:
100 106
$DATA:
0 2047
       0
       0
       0
       0
       0
       0
       0
       0
       0
       0
       0
       0
       0
       0
       0
       0
       0
       0
       0
       0
       0
       0
       0
       0
       0
       0
       0
       0
       0
       0
       0
       0
       0
       0
       0
       0
       0
       0
       0
       0
       0
       0
       0
       0
       0
       0
       0
       0
       0
     265
     644
     708
     665
     701
     633
     681
     664
     632
     621
     666
     626
     652
     614
     639
     678
     643
     698
     621
     646
     656
     639
     617
     658
     596
     639
     603
     611
     575
     581
     649
     615
     592
     569
     587
     593
     546
     574
     552
     574
     573
     562
     544
     500
     557
     574
     560
     536
     494
     564
     534
     498
     521
     502
     510
     491
     538
     488
     499
     499
     510
     494
     503
     549
     501
     491
     452
     479
     518
     532
     461
     468
     513
     472
     537
     461
     522
     484
     497
     502
     501
     431
     490
     516
     472
     462
     491
     475
     434
     489
     470
     481
     483
     471
     489
     456
     450
     518
     481
     457
     457
     427
     480
     482
     492
     545
     494
     499
     510
     495
     482
     455
     532
     527
     482
     493
     511
     525
     505
     519
     485
     496
     498
     509
     465
     525
     480
     494
     499
     515
     522
     479
     524
     556
     493
     495
     504
     494
     497
     524
     562
     539
     520
     488
     546
     545
     500
     505
     470
     521
     541
     479
     488
     521
     502
     520
     488
     469
     445
     430
     441
     472
     441
     445
     377
     388
     417
     382
     406
     407
     393
     360
     388
     401
     406
     400
     412
     363
     409
     385
     396
     383
     344
     389
     350
     330
     326
     325
     301
     298
     317
     274
     294
     299
     279
     246
     263
     253
     252
     249
     223
     211
     239
     245
     201
     186
     217
     216
     196
     225
     206
     199
     177
     216
     204
     198
     217
     183
     213
     197
     176
     174
     178
     187
     173
     153
     161
     142
     136
     147
     148
     139
     161
     151
     137
     123
     124
     136
     120
     114
     106
     112
      99
     111
     115
     118
     112
     108
     102
      98
     108
      94
      88
      92
     118
      85
      94
      89
      95
      96
      79
      80
      88
      90
      84
      80
      76
      91
      72
      80
      88
      83
      69
      91
      78
      74
      93
      61
      66
      72
      81
      77
      80
      63
      83
      54
      68
      58
      80
      75
      66
      57
      65
      68
      58
      64
      70
      53
      67
      51
      57
      59
      83
      70
      48
      55
      47
      56
      64
      50
      45
      53
      46
      48
      51
      66
      44
      59
      49
      43
      54
      61
      51
      65
      38
      36
      60
      45
      38
      44
      46
      55
      52
      40
      32
      36
      47
      39
      34
      59
      36
      45
      42
      45
      33
      42
      48
      36
      37
      32
      37
      44
      38
      46
      31
      23
      37
      25
      47
      41
      51
      31
      43
      42
      26
      42
      44
      32
      39
      32
      31
      28
      43
      50
      43
      33
      35
      44
      40
      51
      47
      47
      56
      47
      55
      45
      45
      53
      43
      31
      28
      52
      34
      41
      39
      39
      26
      44
      28
      28
      27
      21
      28
      24
      27
      32
      27
      27
      33
      25
      25
      22
      26
      21
      29
      31
      15
      26
      26
      33
      19
      32
      22
      29
      24
      28
      26
      27
      25
      25
      31
      17
      28
      28
      26
      28
      31
      15
      25
      25
      33
      20
      28
      21
      33
      35
      22
      22
      25
      17
      33
      18
      23
      27
      18
      29
      17
      20
      25
      21
      16
      16
      19
      28
      23
      23
      19
      21
      22
      22
      23
      24
      22
      22
      21
      24
      27
      19
      10
      21
      21
      10
      29
      27
      14
      19
      16
      25
      15
      16
      16
      19
      18
      22
      25
      13
      10
      16
      20
      15
      25
      18
      22
      22
      17
      26
      14
      15
      28
      29
      13
      16
      19
      33
      30
      37
      39
      24
      31
      32
      26
      28
      35
      23
      28
      25
      18
      23
      25
      18
      20
      18
       9
      11
      17
      19
      16
       8
      15
      18
       9
      16
      20
      13
      21
      18
      16
      25
      14
      13
       5
      22
      14
      18
      16
      13
      19
      17
      13
      12
      14
      21
      13
      14
      17
      11
      13
      17
      13
      12
      13
      22
      13
      15
      23
      13
      18
      16
      15
      22
      14
      22
      17
      14
      18
      17
      23
      21
      14
      24
      19
      25
      16
      21
      14
      14
      21
      15
      18
      12
      14
      12
      12
      18
      17
      22
      12
      18
      17
      10
      12
      15
      19
      12
      11
      16
      14
      18
       7
      12
      21
      16
      16
      19
      17
      17
      13
      20
      14
      12
      14
      12
      15
      14
      15
      15
      11
      17
      15
      15
       9
      23
      10
       8
      13
      13
      11
      13
      12
      20
      11
      11
      13
      18
      14
      33
      17
      15
      15
      15
      15
      18
      23
      19
      23
      18
      16
      19
      25
      14
      25
      17
      19
      12
      21
      16
      16
      19
      25
      17
      22
      19
      21
      28
      18
      23
      21
      21
      19
      15
      20
      23
      14
      21
      16
      17
      14
      15
      24
      23
      16
      16
      13
      23
      24
      17
      22
      10
       7
      18
      19
      16
      21
      15
      34
      23
      26
      32
      33
      35
      45
      66
      54
      81
      88
      79
     111
     139
     127
     148
     170
     188
     194
     209
     202
     223
     186
     207
     210
     188
     188
     158
     145
     129
     121
      91
      72
      63
      56
      38
      46
      32
      25
      32
      30
      21
      22
      12
      26
      16
      20
      28
      27
      23
      21
      24
      13
      18
      17
      14
      25
      29
      31
      17
      22
      18
      18
      17
      23
      16
      12
      15
      16
      24
      25
      22
      19
      24
      25
      18
      14
      24
      15
      13
      27
      15
      18
      16
      27
      18
      21
      26
      21
      25
      15
      17
      19
      22
      19
      18
      16
      10
      23
      18
      12
      16
      16
      15
      22
      21
      16
      17
      16
      27
      33
      23
      26
      22
      20
      30
      47
      56
      55
      58
      47
      50
      74
      56
      62
      61
      63
      45
      56
      49
      41
      35
      26
      33
      32
      36
      31
      27
      21
      27
      26
      27
      17
      22
      28
      17
      25
      20
      26
      20
      16
      23
      22
      18
      17
      14
      16
      17
      19
      11
       9
      14
      14
      13
      13
      20
      18
      13
      25
      11
      11
      11
      16
      22
      23
      13
      14
      11
      11
      13
      18
      13
       7
      18
      18
      16
      25
      19
      10
      12
      12
      21
      26
      15
      18
      12
      16
      18
      16
      14
       9
      16
      15
      14
      10
      17
      14
      19
      17
      13
      20
      24
      19
      12
      14
      16
      22
      12
      19
      17
      13
      13
      19
      11
      11
      13
      20
      14
      12
      19
      19
      14
      18
      25
      20
      15
      17
      10
      17
      23
      16
      12
      19
      19
      21
      25
      19
      16
      17
      15
      13
      11
      15
      15
      11
      22
      19
      16
      17
      16
      16
      21
      23
      18
      16
      21
      15
      25
      21
      18
      25
      13
      19
      16
      10
      28
      24
      22
      12
      14
      15
      15
      25
      11
      17
      19
      17
      16
      28
      22
      23
      16
      19
      17
      16
      14
      21
      22
      21
      26
      12
      27
      13
      12
      15
      22
      18
      19
      22
      23
      26
      23
      25
      26
      26
      19
      22
      16
      23
      31
      22
      28
      18
      21
      22
      19
      21
      23
      22
      19
      39
      21
      31
      27
      23
      23
      31
      22
      26
      31
      23
      28
      26
      30
      19
      21
      23
      21
      21
      33
      25
      36
      28
      34
      22
      34
      22
      33
      26
      20
      33
      41
      33
      30
      33
      25
      31
      27
      31
      19
      37
      39
      29
      35
      26
      28
      31
      34
      32
      34
      32
      31
      27
      37
      30
      42
      29
      31
      29
      33
      37
      33
      37
      44
      18
      32
      26
      46
      37
      35
      38
      40
      28
      41
      37
      38
      39
      44
      28
      39
      43
      41
      36
      40
      33
      37
      39
      29
      52
      46
      38
      63
      47
      49
      39
      48
      48
      63
      40
      48
      54
      47
      60
      38
      65
      56
      57
      55
      73
      62
      73
      69
      66
      71
      76
      64
      67
      67
      87
      80
      68
      82
      88
      64
      85
      73
      58
      71
      84
      88
      83
      88
      95
     112
      96
      87
     106
      96
     101
      87
      87
     104
      97
      98
      88
     100
      99
      87
     107
      98
      98
     119
     106
      93
     115
      81
      89
      92
     101
     102
      75
     114
     103
     118
      99
     103
     110
     107
     112
      99
      94
     128
     110
      97
      97
      92
     101
      88
     115
     101
     109
     113
     101
     122
     120
     116
      97
     106
     126
     100
     102
      97
     102
     100
     123
     114
     110
     113
     107
     107
     130
     128
     117
     127
     114
     108
     132
     135
     130
     110
     126
     126
     130
     118
     124
     124
     116
     152
     144
     147
     145
     134
     154
     139
     141
     142
     123
     145
     136
     139
     161
     147
     151
     174
     129
     160
     158
     171
     183
     162
     145
     159
     160
     149
     190
     179
     173
     180
     165
     199
     183
     190
     212
     198
     182
     189
     214
     201
     208
     210
     222
     213
     200
     242
     244
     255
     260
     248
     266
     252
     228
     268
     263
     294
     267
     281
     268
     284
     261
     331
     319
     327
     298
     335
     345
     309
     381
     363
     367
     412
     398
     425
     425
     404
     427
     460
     434
     520
     490
     515
     548
     510
     600
     599
     613
     659
     594
     671
     675
     756
     814
     823
    1003
    1025
    1277
    1379
    1588
    1797
    2115
    2301
    2600
    3010
    3455
    3804
    4062
    4450
    4644
    4940
    5034
    5018
    5041
    5032
    4788
    4690
    4437
    4184
    4053
    3747
    3567
    3606
    3587
    3782
    4070
    4320
    4640
    5179
    5525
    6170
    6723
    7092
    7547
    7704
    7965
    8052
    7928
    7630
    7325
    6841
    6196
    5556
    5047
    4324
    3818
    3183
    2695
    2250
    1850
    1466
    1240
     938
     777
     641
     488
     411
     300
     223
     235
     174
     125
     134
     116
     101
      92
      83
      74
      91
      93
      75
      88
      74
      74
      64
      78
      68
      60
      66
      65
      71
      83
      50
      62
      62
      61
      71
      58
      73
      59
      61
      80
      58
      65
      58
      68
      52
      76
      75
      49
      61
      63
      72
      42
      59
      61
      52
      53
      54
      60
      58
      65
      58
      55
      73
      63
      65
      47
      44
      69
      71
      65
      63
      69
      52
      46
      77
      73
      67
      72
      78
      65
      66
      62
      71
      74
      59
      61
      66
      78
      72
      76
      79
      71
      79
      72
      89
      75
      86
      81
     102
      83
      76
      83
      89
     100
      94
      77
     118
      97
     109
     113
     110
      97
     119
     123
      97
     128
     120
     118
     108
     122
     136
     138
     133
     137
     126
     147
     169
     152
     130
     174
     170
     175
     176
     170
     185
     175
     177
     175
     179
     195
     173
     188
     189
     186
     200
     204
     202
     199
     218
     240
     265
     255
     208
     248
     293
     313
     334
     358
     426
     492
     556
     674
     728
     870
     938
    1069
    1236
    1357
    1487
    1522
    1631
    1748
    1815
    1780
    1898
    1807
    1752
    1673
    1637
    1545
    1409
    1341
    1176
    1025
     947
     861
     699
     604
     509
     447
     366
     309
     268
     219
     182
     165
     167
     157
     123
     127
     132
     102
     121
     124
     143
     174
     191
     210
     231
     217
     255
     290
     350
     346
     389
     388
     450
     439
     466
     465
     445
     473
     411
     395
     396
     378
     330
     304
     261
     236
     191
     184
     156
     151
     107
     120
      81
      65
      47
      62
      37
      31
      22
      23
      22
      26
      18
      15
      10
      11
      10
      13
       9
      12
      11
      17
      10
       9
       8
       6
       8
      14
      14
      16
       8
       7
      13
      16
       3
      13
      17
      10
      10
       4
      10
      11
       6
       8
       7
      10
      12
       4
       8
      11
      10
      11
       5
      10
       8
       1
       5
      12
      11
      11
      10
       7
      10
      10
      10
      11
       9
       8
       9
      10
      13
       8
       6
       9
       5
      12
       5
       7
      10
      12
       2
      12
      12
       8
       6
      15
       7
       6
      11
      13
       7
      10
      10
      10
       7
       6
       6
       7
      10
       8
       7
       8
       5
      13
       9
       7
       4
       8
       6
       6
       6
       7
       7
       6
      12
      11
       9
      12
       9
       6
      10
       4
       9
       5
      11
       7
       6
       2
      10
       9
       4
      11
      13
       5
       8
       4
      10
       5
       6
       4
       4
       9
       8
       4
       8
       5
       6
       7
       8
      11
       4
       4
       8
       5
       8
       3
       3
       6
       9
       7
       4
       9
       6
       7
       6
       7
      12
      10
       6
       9
      11
       8
       5
       6
       7
       7
       8
       9
       6
      16
      11
       8
       7
      11
       7
       8
       5
       7
       6
       5
       9
       8
       7
       6
       7
      10
       6
      11
      10
      11
       4
       6
       6
      10
       6
       7
      11
       8
       8
      11
       5
       9
      11
      11
       7
      12
       7
      13
       9
      13
      12
      24
      19
      19
      32
      31
      28
      28
      42
      53
      74
      71
     102
      92
     121
     114
     120
     123
     133
     142
     138
     127
     133
      93
     109
     103
     100
      81
      82
      52
      61
      48
      48
      32
      25
      14
      18
      15
       4
      10
       1
       2
       5
       0
       1
       3
       2
       3
       2
       2
       1
       1
       0
       0
       0
       1
       2
       1
       3
       1
       0
       0
       0
       0
       0
       0
       4
       1
       0
       0
       0
       0
       1
       1
       0
       1
       0
       0
       0
       2
       1
       1
       0
       1
       1
       1
       3
       0
       0
       0
       2
       1
       2
       2
       0
       2
       0
       0
       0
       1
       0
       0
       0
       0
       0
       0
       0
       0
       0
       0
       0
       0
       0
       0
       0
       0
       0
       0
       0
       0
       0
       0
       0
       0
       0
       0
       0
       0
       0
       0
       0
       0
$ROI:
0
$PRESETS:
Live Time
100
0
$ENER_FIT:
0.000000 0.000000
$MCA_CAL:
3
0.000000E+000 0.000000E+000 0.000000E+000 
$SHAPE_CAL:
3
0.000000E+000 0.000000E+000 0.000000E+000
