$SPEC_ID:
No sample description was entered.
$SPEC_REM:
DET# 1
DETDESC# PHY-R11-68 MCB 129
AP# Maestro Version 7.01
$DATE_MEA:
03/01/2019 16:10:20
$MEAS_TIM:
100 106
$DATA:
0 2047
       0
       0
       0
       0
       0
       0
       0
       0
       0
       0
       0
       0
       0
       0
       0
       0
       0
       0
       0
       0
       0
       0
       0
       0
       0
       0
       0
       0
       0
       0
       0
       0
       0
       0
       0
       0
       0
       0
       0
       0
       0
       0
       0
       0
       0
       0
       0
       0
       0
     270
     695
     708
     682
     685
     637
     659
     662
     679
     667
     695
     670
     646
     599
     587
     612
     632
     659
     644
     637
     616
     647
     621
     615
     605
     599
     587
     618
     587
     587
     601
     561
     589
     607
     561
     624
     608
     545
     552
     583
     538
     545
     488
     553
     515
     518
     568
     513
     503
     504
     526
     499
     509
     506
     476
     475
     550
     517
     540
     484
     498
     474
     519
     503
     498
     494
     477
     463
     503
     508
     486
     512
     459
     468
     532
     493
     494
     487
     509
     503
     461
     510
     456
     483
     484
     466
     459
     511
     471
     531
     437
     473
     474
     494
     454
     498
     440
     467
     463
     476
     504
     502
     495
     503
     497
     483
     490
     484
     516
     501
     481
     483
     520
     460
     521
     474
     494
     479
     494
     506
     502
     491
     505
     507
     538
     542
     541
     478
     487
     523
     529
     494
     505
     511
     524
     490
     486
     527
     480
     499
     506
     505
     490
     486
     472
     566
     495
     535
     544
     528
     514
     551
     489
     563
     496
     517
     476
     529
     488
     471
     468
     501
     414
     418
     413
     388
     408
     432
     402
     366
     358
     377
     372
     355
     388
     375
     403
     422
     374
     404
     410
     370
     370
     357
     345
     363
     320
     318
     319
     280
     318
     334
     306
     295
     261
     257
     256
     246
     236
     236
     214
     259
     259
     230
     218
     238
     225
     195
     197
     216
     232
     227
     221
     223
     200
     186
     187
     225
     183
     190
     191
     181
     140
     170
     161
     142
     176
     176
     153
     136
     152
     176
     144
     140
     143
     133
     112
     116
     112
     114
     115
     112
     107
     103
     100
     106
      93
     111
      92
     117
      87
     106
     111
     100
     103
      85
      83
     105
      85
      98
     120
      96
      85
      91
      84
      80
      77
      85
      83
      84
      90
      77
      80
      80
      89
      88
      65
      83
      62
      65
      68
      72
      81
      92
      65
      66
      63
      47
      78
      79
      73
      58
      70
      57
      70
      62
      58
      65
      62
      56
      52
      50
      59
      51
      47
      63
      54
      54
      52
      67
      46
      55
      48
      49
      45
      72
      55
      49
      45
      55
      38
      40
      54
      51
      49
      38
      56
      40
      43
      43
      41
      39
      57
      51
      39
      58
      39
      40
      43
      45
      25
      39
      48
      32
      48
      39
      38
      40
      39
      40
      41
      42
      43
      33
      31
      36
      42
      46
      29
      46
      29
      39
      35
      32
      38
      36
      38
      34
      38
      40
      44
      35
      34
      28
      24
      28
      47
      38
      35
      36
      45
      45
      53
      49
      45
      52
      43
      40
      56
      51
      46
      40
      41
      43
      21
      35
      33
      37
      30
      31
      30
      31
      30
      29
      29
      29
      31
      26
      24
      25
      25
      29
      30
      26
      21
      26
      31
      31
      24
      22
      33
      24
      27
      31
      21
      23
      26
      27
      30
      20
      29
      26
      28
      27
      27
      30
      21
      20
      26
      21
      24
      21
      28
      15
      29
      25
      25
      21
      19
      20
      29
      19
      24
      27
      21
      22
      25
      24
      18
      26
      26
      22
      19
      23
      27
      16
      25
      22
      20
       8
      21
      16
      20
      26
      28
      20
      21
      20
      16
      13
      13
      24
      22
      20
      19
      21
      12
      16
      17
      15
      15
      22
      12
      16
      21
      18
      21
      14
      23
      16
      23
      26
      21
      15
      20
      20
      17
      21
      17
      28
      15
      26
      31
      25
      40
      33
      31
      19
      22
      32
      35
      34
      29
      30
      24
      30
      31
      21
      21
      17
      17
      18
      20
      12
      16
      16
      13
      22
      13
      11
      11
      16
      13
      11
      11
      18
      12
      14
      13
      21
      18
      19
      13
      16
      19
      16
      15
      15
      21
      16
      16
      14
      15
      17
      14
      21
      15
      21
      17
      14
      17
      16
      14
      21
       9
      17
      11
      12
      17
      11
      12
      16
      19
      14
      20
      17
      13
      20
      17
      18
      22
      16
      18
      19
      19
      18
      17
      15
      23
      13
      14
      16
       5
      10
      14
      14
      17
      22
      11
      16
      14
      14
      14
      18
      22
      16
      16
      16
      14
      17
      13
      14
      14
       8
      16
      13
      22
      17
      19
      12
      14
      15
      14
      17
       8
      13
      12
      16
      18
      19
      16
      13
      15
      16
      18
      10
      14
      19
      18
      17
      13
      15
      19
      19
      25
      14
      19
      13
      14
      13
      15
      11
      15
      18
      11
      16
      16
      20
      15
      15
      14
      17
      20
      20
      21
      19
      15
      15
      13
      10
      16
      13
      18
      12
      14
       9
      18
      17
      17
      10
      15
      21
      13
      23
      14
      17
      19
      36
      23
      10
      22
      13
      22
      19
      14
      17
      20
      20
      16
      24
      23
      23
      24
      24
      22
      24
      28
      28
      35
      45
      53
      54
      58
      72
      83
      82
     114
     124
     162
     165
     174
     196
     181
     183
     232
     218
     214
     205
     216
     201
     184
     142
     149
     118
     115
     104
      95
      64
      66
      58
      36
      28
      28
      29
      24
      23
      15
      26
      24
      20
      24
      20
      24
      22
      25
      24
      20
      12
      22
      19
      27
      18
      15
      18
      25
      25
      25
      25
      18
      26
      19
      21
      19
      18
      14
      12
      16
      16
      16
      21
      16
      19
      14
      19
      17
      17
      14
      17
      14
      13
      14
      21
      11
      16
      18
      26
      21
      25
      25
      18
      23
      23
      30
      21
      20
      30
      27
      15
      10
      28
      14
      17
      23
      28
      28
      29
      22
      28
      38
      38
      45
      53
      50
      59
      47
      52
      60
      62
      65
      58
      61
      55
      49
      52
      58
      44
      36
      35
      38
      21
      26
      23
      23
      24
      22
      26
      26
      27
      32
      24
      29
      21
      17
      18
      24
      17
      26
      24
      16
      12
      18
      21
      22
       9
      16
      17
      19
      15
      17
      20
      18
      13
      15
      12
      27
      18
      15
      14
      17
      10
      18
      13
      20
      12
       9
      16
      13
      16
       9
       9
      16
      17
      14
      17
      14
      15
      13
      17
      14
      15
      15
      14
      15
      13
      21
      19
      19
      21
      22
      18
      18
      18
      17
      16
      21
      17
      20
       7
      12
      15
      18
      19
      15
      10
      26
      27
      11
      16
      17
      28
      27
      11
      24
      15
      21
      12
      18
      15
      20
      18
      14
      24
      12
      17
      15
      16
      21
      21
      16
      20
      16
      15
      14
      17
      17
      17
      12
      18
      16
      25
      28
      14
      14
      11
      20
      12
      20
      16
      21
      15
      16
      17
      17
      20
      19
      23
      18
      21
      21
      15
       9
      16
      22
      22
      25
      15
      23
      28
      20
      21
      26
      22
      31
      22
      23
      15
      17
      15
      22
      20
      22
      11
      25
      15
      18
      19
      20
      23
      21
      18
      11
      19
      28
      25
      20
      17
      23
      22
      25
      22
      24
      25
      17
      19
      31
      29
      25
      28
      23
      24
      24
      15
      18
      23
      24
      31
      34
      21
      24
      25
      26
      21
      22
      28
      22
      26
      24
      20
      33
      38
      30
      21
      29
      25
      24
      27
      30
      29
      25
      37
      29
      24
      35
      27
      30
      28
      29
      32
      39
      29
      27
      34
      31
      28
      41
      23
      42
      30
      31
      35
      33
      32
      37
      43
      24
      33
      39
      28
      26
      38
      32
      32
      40
      32
      47
      43
      37
      34
      39
      29
      38
      39
      44
      37
      35
      37
      43
      46
      39
      37
      42
      44
      45
      46
      46
      39
      40
      40
      36
      44
      46
      43
      40
      43
      44
      44
      47
      45
      47
      44
      48
      43
      43
      61
      46
      54
      40
      49
      39
      40
      56
      56
      59
      63
      50
      56
      55
      82
      68
      85
      83
      68
      63
      60
      70
      68
      71
      64
      83
      74
      91
      98
      82
      82
      87
      88
     101
      71
     112
      76
      90
      84
     110
      91
     103
     111
      89
      96
      97
     100
     108
     111
     102
      98
     106
      98
     124
      92
      96
     123
     112
     109
     108
     122
     100
     123
     109
     111
     119
     116
     112
     106
     104
     131
     119
     109
     118
     117
     114
     105
     122
     116
     125
     117
     110
     116
     118
     137
     106
     118
     113
     106
     119
     109
     125
     104
     118
     119
     107
     117
     137
     130
     119
     120
     129
     130
     135
     126
     110
     125
     151
     127
     121
     142
     149
     131
     136
     129
     137
     163
     124
     133
     140
     134
     142
     144
     148
     122
     160
     153
     150
     143
     175
     161
     145
     154
     143
     141
     180
     169
     156
     182
     164
     153
     177
     178
     190
     210
     183
     201
     196
     197
     188
     181
     173
     209
     188
     187
     191
     194
     201
     212
     238
     207
     203
     196
     211
     222
     251
     213
     228
     261
     253
     271
     270
     282
     263
     280
     296
     303
     271
     317
     314
     314
     335
     347
     359
     346
     357
     341
     356
     395
     383
     387
     381
     404
     448
     466
     494
     445
     490
     504
     519
     506
     473
     493
     551
     552
     567
     614
     680
     668
     697
     766
     798
     875
     946
    1031
    1183
    1349
    1595
    1773
    2050
    2316
    2591
    2978
    3367
    3750
    4025
    4464
    4613
    4816
    5032
    5164
    5028
    4999
    4775
    4558
    4463
    4175
    3983
    3800
    3607
    3597
    3494
    3649
    3961
    4283
    4610
    5097
    5544
    6162
    6519
    6853
    7301
    7763
    7753
    7963
    7840
    7715
    7383
    6823
    6349
    5672
    5300
    4483
    3867
    3313
    2763
    2296
    1760
    1477
    1243
     986
     824
     591
     489
     379
     293
     262
     208
     186
     152
     120
     125
      94
      92
      97
     107
      93
      77
      81
      79
      59
     102
      86
      76
      76
      74
      61
      65
      81
      61
      70
      67
      85
      92
      75
      73
      62
      77
      52
      58
      61
      73
      51
      67
      71
      61
      70
      52
      65
      64
      53
      55
      59
      66
      52
      66
      68
      75
      57
      64
      63
      69
      60
      75
      66
      71
      67
      69
      68
      62
      99
      80
      62
      74
      55
      78
      69
      93
      70
      54
      64
      79
      89
      76
      79
      70
      83
      62
      81
      84
      63
      86
      87
      94
      66
      80
      98
     101
     107
     103
      82
      99
      94
      88
      77
      96
     101
     104
     103
      92
     119
     116
     106
     105
      94
     122
     115
     114
     115
     125
     141
     143
     113
     150
     142
     156
     146
     160
     153
     167
     143
     162
     143
     159
     158
     167
     183
     166
     169
     193
     170
     206
     198
     184
     184
     201
     205
     198
     223
     192
     209
     223
     253
     253
     282
     311
     346
     343
     439
     445
     535
     662
     716
     822
     900
    1054
    1169
    1252
    1390
    1499
    1558
    1709
    1870
    1807
    1889
    1878
    1860
    1776
    1734
    1583
    1497
    1364
    1282
    1107
     951
     880
     680
     623
     529
     441
     346
     352
     269
     251
     183
     199
     157
     143
     119
     136
     122
     113
     109
     130
     142
     146
     194
     189
     190
     253
     270
     313
     320
     341
     395
     404
     423
     426
     481
     479
     470
     486
     443
     427
     415
     377
     357
     302
     268
     237
     194
     180
     135
     121
     123
      95
      85
      56
      59
      64
      51
      39
      37
      19
      22
      26
      22
      12
      18
      11
       8
      16
      19
      16
      14
      12
      14
      13
      15
      10
       6
      12
      15
       7
       8
      12
      13
      11
       6
       7
       8
       9
      15
       4
       5
      12
       9
      12
      14
       9
      12
      11
       4
      13
       6
       9
       9
      10
      15
       4
       7
       5
       8
       8
      10
      12
       7
      15
      11
      11
      14
       4
      11
      15
      10
       8
       6
      11
      10
       7
       7
       8
      11
       7
      10
      10
      11
      11
       9
       8
      10
      10
       9
       9
      10
       5
       2
       6
       6
      10
       4
       7
       4
       8
       6
       9
       7
       5
       9
      13
      16
       7
      12
       5
      10
       3
       9
      12
       8
       6
       3
      11
       8
       4
       9
      13
       6
       8
       7
       8
       6
       8
       2
       6
       7
       7
       8
       8
      10
       7
       5
       4
       6
       8
       3
       6
       4
       7
       7
       7
       7
       6
       9
       5
      10
       8
       6
       6
       8
       9
       9
       4
       4
       3
       8
       6
       5
       8
       6
       5
       4
       6
      14
       6
       7
       6
       9
       7
       4
      11
      12
       6
       3
      10
       9
       8
       7
       8
       9
      13
      10
       5
       5
       5
      12
       6
      10
       5
       5
      12
      11
       8
      10
      11
       7
       9
      10
      11
      12
      11
      12
       5
       6
       5
       6
       6
       5
      11
      12
      11
       7
      11
      11
      14
      14
      16
      14
      14
      20
      33
      25
      47
      48
      62
      58
      70
      71
      91
     104
     106
     114
     122
     136
     133
     130
     106
     116
     115
      92
     104
      89
      65
      76
      68
      51
      43
      33
      27
      22
      20
      15
      24
      11
       8
       7
       5
       9
       1
       1
       2
       1
       1
       3
       1
       2
       2
       0
       1
       2
       2
       2
       1
       1
       2
       0
       1
       2
       1
       1
       0
       0
       2
       1
       0
       1
       0
       0
       2
       0
       0
       1
       1
       2
       1
       0
       0
       0
       0
       2
       4
       2
       1
       0
       1
       0
       0
       1
       1
       2
       0
       0
       0
       0
       0
       0
       0
       0
       0
       0
       0
       0
       0
       0
       0
       0
       0
       0
       0
       0
       0
       0
       0
       0
       0
       0
       0
       0
       0
       0
       0
       0
       0
       0
       0
       0
       0
$ROI:
0
$PRESETS:
Live Time
100
0
$ENER_FIT:
0.000000 0.000000
$MCA_CAL:
3
0.000000E+000 0.000000E+000 0.000000E+000 
$SHAPE_CAL:
3
0.000000E+000 0.000000E+000 0.000000E+000
