$SPEC_ID:
No sample description was entered.
$SPEC_REM:
DET# 1
DETDESC# PHY-R11-68 MCB 129
AP# Maestro Version 7.01
$DATE_MEA:
03/01/2019 15:43:11
$MEAS_TIM:
100 106
$DATA:
0 2047
       0
       0
       0
       0
       0
       0
       0
       0
       0
       0
       0
       0
       0
       0
       0
       0
       0
       0
       0
       0
       0
       0
       0
       0
       0
       0
       0
       0
       0
       0
       0
       0
       0
       0
       0
       0
       0
       0
       0
       0
       0
       0
       0
       0
       0
       0
       0
       0
       0
     279
     739
     679
     709
     663
     643
     685
     672
     695
     639
     655
     666
     685
     662
     674
     685
     612
     638
     641
     667
     611
     666
     607
     592
     626
     613
     653
     628
     601
     638
     563
     595
     589
     551
     609
     553
     502
     584
     511
     560
     546
     574
     559
     597
     552
     540
     548
     505
     538
     512
     540
     485
     523
     498
     529
     502
     510
     516
     496
     514
     557
     504
     499
     477
     525
     473
     511
     523
     531
     521
     478
     482
     463
     512
     421
     482
     493
     495
     461
     472
     529
     486
     513
     460
     477
     477
     501
     479
     499
     474
     510
     493
     471
     499
     498
     471
     473
     488
     497
     529
     528
     485
     443
     469
     466
     482
     475
     542
     491
     510
     500
     479
     448
     484
     502
     504
     504
     500
     519
     476
     454
     475
     510
     507
     517
     509
     540
     467
     502
     541
     499
     508
     499
     504
     525
     487
     493
     483
     517
     532
     518
     529
     500
     522
     498
     475
     522
     535
     521
     519
     542
     511
     499
     518
     499
     501
     527
     484
     462
     472
     440
     416
     445
     422
     372
     426
     382
     396
     396
     398
     403
     411
     386
     368
     372
     370
     397
     365
     402
     445
     397
     364
     386
     353
     341
     339
     345
     326
     282
     298
     319
     281
     312
     265
     252
     286
     272
     246
     225
     263
     215
     263
     229
     230
     207
     227
     220
     238
     217
     201
     209
     235
     199
     197
     194
     193
     223
     188
     197
     183
     194
     181
     177
     167
     165
     143
     155
     164
     162
     146
     162
     131
     132
     121
     141
     132
     139
     113
     113
     133
     123
     123
     126
     112
     115
      96
     115
     119
     108
     112
     102
     103
      94
      85
     104
      84
     113
      91
      92
      85
     103
      92
     112
     100
      85
      91
      93
      90
      91
      78
      76
      90
      62
      90
      78
      70
      82
      84
      71
      94
      70
      78
      78
      67
      68
      63
      61
      61
      72
      58
      59
      66
      71
      69
      73
      68
      61
      70
      68
      69
      65
      54
      76
      55
      61
      62
      40
      64
      65
      60
      62
      39
      54
      44
      47
      62
      47
      50
      56
      58
      40
      53
      37
      41
      57
      30
      59
      39
      47
      58
      46
      51
      47
      43
      41
      35
      37
      45
      50
      52
      52
      36
      43
      41
      46
      46
      44
      40
      32
      44
      36
      50
      34
      30
      45
      31
      34
      35
      46
      44
      36
      37
      41
      33
      28
      32
      29
      42
      39
      43
      20
      34
      29
      28
      30
      44
      29
      47
      45
      38
      40
      37
      60
      29
      55
      44
      44
      50
      46
      54
      37
      39
      33
      33
      47
      33
      26
      25
      20
      28
      32
      41
      21
      29
      28
      28
      35
      29
      23
      20
      19
      17
      28
      31
      34
      24
      23
      35
      32
      24
      23
      35
      19
      24
      21
      23
      21
      26
      21
      25
      28
      34
      22
      38
      24
      26
      27
      21
      33
      31
      26
      21
      25
      17
      15
      26
      19
      29
      20
      22
      28
      17
      17
      24
      31
      16
      17
      27
      18
      12
      29
      13
      17
      16
      23
      12
      22
      23
      29
      20
      17
      18
      19
      23
      25
      18
      21
      23
      17
      24
      21
      13
      24
      20
      18
      21
      25
      13
      23
      18
      19
      23
      18
      19
      12
      19
      22
      13
      23
      17
      14
      23
      14
      23
      17
      13
      17
      22
      26
      28
      26
      22
      17
      36
      25
      24
      27
      29
      34
      27
      30
      33
      23
      28
      23
      23
      22
      19
      24
      21
      16
      11
      14
      15
      18
      18
      22
      13
      24
      13
      12
      14
      20
      14
      12
      17
      11
      10
      19
      20
      17
      12
      10
      13
       9
      13
      17
      14
      20
      16
      23
      13
      10
      14
      10
      14
      21
      15
      13
       9
      16
      18
      18
      14
      21
      10
      15
      15
      17
      14
      14
      13
      20
      22
      16
      13
      22
      18
      10
      22
      16
      18
      22
      20
      15
      16
      18
      18
      15
      15
      14
      14
      16
      11
      13
      11
      16
      15
       7
      22
      12
       9
      12
      18
      13
      15
      15
      27
      18
      15
      13
      17
      22
      18
      13
      12
      15
      12
      17
      12
      14
      16
      14
      19
      17
       9
      19
      18
      17
      13
      25
      15
      20
      19
      19
      17
      12
      20
      12
      18
      16
       8
      20
       8
      13
      15
      17
      18
      15
      15
      14
      15
      21
      17
      27
      13
      18
      14
      19
      11
      15
      24
      25
      21
      23
      15
      22
      19
      18
      14
      18
      13
      12
      26
      22
      11
      12
      16
      16
      12
      24
      17
      14
      13
      16
      14
      19
      21
      12
      19
      19
      16
      19
      22
      18
      21
      16
      16
      24
      24
      16
      19
      18
      22
      20
      27
      25
      32
      37
      36
      46
      61
      68
      88
      78
     108
     119
     136
     161
     161
     185
     182
     175
     181
     204
     220
     197
     202
     181
     164
     172
     153
     131
     118
      92
     101
      69
      76
      48
      45
      33
      28
      30
      23
      31
      24
      28
      24
      28
      20
      27
      16
      19
      17
      18
      17
      25
      19
      13
      28
      16
      17
      24
      21
      20
      22
      30
      18
      11
      18
      24
      15
      19
      17
      16
      14
      20
      20
      12
      12
      22
      15
      22
      21
      18
      13
      14
      16
      27
      23
      18
      19
      15
      23
      16
      18
      15
      15
      20
      24
      19
      22
      17
      20
      21
      17
      19
      12
      20
      18
      29
      19
      21
      18
      17
      19
      33
      42
      43
      36
      61
      54
      58
      50
      61
      59
      52
      49
      59
      43
      54
      43
      48
      35
      36
      26
      31
      19
      34
      25
      26
      29
      32
      21
      28
      31
      24
      26
      19
      21
      17
      23
      13
      19
      15
      16
      14
      26
      21
      15
      18
      12
      24
      21
      11
      16
      15
      19
      19
      15
      16
      18
      20
      15
      15
      16
      17
      20
       9
      17
      18
      12
      14
      10
      16
      12
      19
      17
      24
      15
      13
      13
      14
      20
      18
      12
      15
      18
      17
      17
      16
      22
      17
      18
      22
      19
      19
      10
      13
      26
      11
      21
      24
      18
      14
      14
      10
      15
      10
      18
       9
      10
      16
      20
      14
      15
      14
      20
      16
      13
      20
      16
      12
      15
      18
      12
      23
      20
      15
      17
      18
      21
      25
      19
      13
      17
      15
      17
      17
      19
      23
      17
      14
       9
      14
      20
      16
      23
      18
      13
      24
      15
      12
      17
      26
      23
      27
      10
      17
      17
      20
      19
      21
      17
      17
      16
      31
       8
      21
      15
      19
      16
      22
      31
      19
      26
      17
      22
      17
      16
      17
      22
      16
      26
      21
      29
      17
      19
      24
      15
      16
      23
      22
      24
      20
      21
      19
      23
      13
      35
      34
      19
      18
      14
      22
      25
      33
      18
      18
      22
      28
      26
      30
      22
      26
      16
      33
      24
      20
      16
      26
      27
      22
      13
      17
      27
      23
      28
      37
      28
      28
      27
      37
      16
      24
      29
      30
      29
      20
      21
      30
      23
      29
      21
      27
      27
      27
      33
      27
      27
      26
      42
      25
      29
      30
      25
      31
      32
      32
      22
      14
      18
      29
      38
      32
      32
      33
      22
      25
      28
      29
      37
      27
      37
      28
      36
      33
      39
      40
      30
      23
      35
      47
      40
      35
      32
      43
      31
      34
      31
      37
      39
      45
      37
      41
      27
      39
      36
      33
      39
      31
      38
      51
      39
      39
      47
      42
      39
      48
      41
      47
      53
      45
      47
      51
      53
      62
      45
      46
      51
      45
      61
      53
      58
      60
      45
      63
      56
      48
      51
      57
      49
      56
      75
      63
      62
      70
      64
      55
      74
      71
      67
      71
      61
      66
      75
      66
      68
      97
      77
      87
     109
      93
      86
      90
      77
      97
      79
      90
      99
     100
      81
      82
      82
      94
     112
      93
      97
      95
     109
     119
     100
      96
      91
     117
     105
     100
      89
      97
     104
     122
     108
      97
     123
      89
     116
     123
     103
      98
     117
     100
     126
      98
      94
     100
     123
      94
     123
     118
      99
     119
     110
     119
     109
     115
     141
     140
     112
     105
     102
     126
     100
     131
     131
     118
     119
     145
     116
     117
     124
     131
     141
     139
     115
     140
     133
     121
     137
     131
     134
     112
     139
     131
     128
     120
     128
     119
     134
     158
     143
     146
     161
     146
     170
     124
     178
     143
     146
     161
     179
     160
     155
     174
     155
     168
     169
     136
     168
     177
     195
     178
     185
     164
     211
     181
     181
     182
     188
     185
     186
     178
     206
     212
     184
     186
     182
     202
     223
     227
     191
     196
     215
     254
     203
     205
     230
     206
     242
     250
     226
     237
     264
     282
     266
     269
     264
     302
     289
     289
     318
     330
     320
     322
     315
     333
     362
     356
     371
     382
     400
     366
     391
     383
     426
     424
     456
     448
     474
     489
     449
     468
     496
     511
     498
     571
     550
     595
     636
     631
     661
     662
     707
     751
     752
     839
     911
    1056
    1218
    1306
    1534
    1772
    2068
    2260
    2650
    2905
    3385
    3729
    4116
    4319
    4616
    4861
    5051
    4993
    5041
    4979
    4947
    4683
    4475
    4253
    3939
    3807
    3674
    3526
    3612
    3757
    3996
    4320
    4615
    5054
    5547
    5968
    6639
    6953
    7380
    7646
    7972
    7906
    7876
    7490
    7203
    6939
    6372
    5771
    5111
    4460
    3878
    3332
    2737
    2212
    1817
    1538
    1228
    1015
     780
     590
     458
     395
     305
     255
     202
     167
     154
     126
     108
     116
     107
      91
      91
      71
     104
      79
      86
      77
      64
      73
      70
      66
      60
      79
      65
      69
      76
      70
      51
      66
      69
      66
      62
      70
      62
      61
      61
      57
      54
      75
      55
      62
      60
      62
      66
      52
      72
      60
      65
      66
      68
      56
      63
      65
      57
      67
      64
      46
      68
      74
      59
      78
      69
      63
      68
      77
      74
      56
      77
      71
      67
      60
      72
      65
      81
      62
      74
      66
      68
      66
      81
      67
      88
      65
      87
      82
      71
      70
      70
      85
      81
      83
      67
      84
      69
      90
      88
      75
      87
     109
      97
      99
      94
     119
     111
     119
     106
      88
     127
     116
     119
     137
     144
     146
     135
     134
     129
     138
     139
     149
     144
     129
     124
     149
     158
     151
     137
     145
     158
     156
     179
     144
     160
     172
     192
     182
     194
     188
     181
     180
     188
     182
     206
     202
     226
     212
     183
     219
     213
     244
     266
     276
     298
     316
     383
     431
     492
     549
     628
     760
     871
    1018
    1076
    1111
    1352
    1405
    1490
    1660
    1731
    1765
    1812
    1894
    1853
    1764
    1763
    1641
    1527
    1452
    1312
    1202
    1056
     948
     807
     694
     598
     505
     453
     375
     267
     273
     206
     187
     177
     146
     119
     124
     111
     123
     117
     116
     115
     133
     145
     160
     180
     228
     233
     298
     275
     318
     352
     413
     407
     432
     470
     443
     478
     482
     460
     428
     393
     377
     353
     348
     306
     287
     230
     211
     183
     138
     144
     111
     114
      82
      80
      66
      56
      46
      41
      32
      25
      21
      12
      19
      10
      17
      18
      13
      12
      27
      12
      13
       5
      15
       8
       7
      13
      17
      11
      10
      10
      11
      15
       6
       8
      10
      11
      10
      13
       9
      15
      14
       3
      11
      12
      11
       9
       2
      15
       9
       8
       4
       9
       5
      10
       5
      11
      12
       5
       8
      11
      12
      11
       7
       9
      11
      10
       6
      10
      10
      10
       9
       6
      10
      12
       9
       7
       7
       7
       9
       8
       9
      11
      10
      11
       7
       6
       7
       5
       6
       7
       6
       5
      11
       9
       5
       5
      12
       6
       7
      17
       8
      10
       7
      11
      12
       6
       8
      11
      13
       7
       9
       7
       5
      12
      10
       9
      10
      10
       6
      13
       4
       4
       8
       7
       6
       7
       5
      10
       5
      11
      10
       6
       8
       5
       8
       6
       8
       7
      13
       3
       4
       9
       8
       4
       6
       8
       6
       3
       6
       1
       3
      11
      10
       7
       7
       6
       7
      12
      14
       6
      11
       6
       7
       7
      11
      13
       2
       8
       7
       9
      10
       8
       5
       7
       9
       2
       5
      10
       4
       5
      15
       4
       9
       3
      12
      10
       7
       5
      11
       8
       2
       8
       8
       6
       8
       6
       7
       9
      16
       8
      11
      12
       5
       4
       9
       7
       9
       4
       7
      16
      10
       8
      11
      13
      14
       7
       9
      15
      17
      18
      15
      17
      18
      23
      21
      34
      26
      43
      42
      60
      62
      72
      71
      87
     116
     104
     126
     125
     123
     126
     116
     111
     117
     119
     102
      98
      94
      86
      72
      60
      47
      43
      40
      30
      21
      20
      21
      17
      12
       4
       8
       5
       6
       4
       7
       4
       3
       2
       1
       0
       1
       1
       0
       0
       0
       0
       0
       0
       1
       2
       0
       0
       0
       2
       0
       2
       0
       0
       1
       1
       1
       0
       0
       0
       1
       2
       1
       0
       1
       0
       0
       0
       0
       0
       0
       0
       1
       0
       1
       0
       1
       0
       0
       2
       0
       0
       0
       0
       0
       1
       1
       0
       0
       0
       0
       0
       0
       0
       0
       0
       0
       0
       0
       0
       0
       0
       0
       0
       0
       0
       0
       0
       0
       0
       0
       0
       0
       0
       0
       0
       0
       0
       0
$ROI:
0
$PRESETS:
Live Time
100
0
$ENER_FIT:
0.000000 0.000000
$MCA_CAL:
3
0.000000E+000 0.000000E+000 0.000000E+000 
$SHAPE_CAL:
3
0.000000E+000 0.000000E+000 0.000000E+000
