$SPEC_ID:
No sample description was entered.
$SPEC_REM:
DET# 1
DETDESC# PHY-R11-68 MCB 129
AP# Maestro Version 7.01
$DATE_MEA:
03/01/2019 15:12:50
$MEAS_TIM:
100 106
$DATA:
0 2047
       0
       0
       0
       0
       0
       0
       0
       0
       0
       0
       0
       0
       0
       0
       0
       0
       0
       0
       0
       0
       0
       0
       0
       0
       0
       0
       0
       0
       0
       0
       0
       0
       0
       0
       0
       0
       0
       0
       0
       0
       0
       0
       0
       0
       0
       0
       0
       0
       0
     252
     662
     720
     691
     693
     649
     677
     633
     649
     672
     663
     679
     621
     687
     649
     688
     691
     695
     690
     681
     650
     583
     617
     602
     620
     609
     645
     611
     579
     596
     542
     592
     554
     564
     596
     567
     541
     491
     559
     550
     545
     524
     520
     530
     511
     495
     511
     467
     545
     525
     546
     529
     559
     518
     537
     462
     512
     509
     500
     505
     534
     512
     474
     509
     508
     549
     481
     463
     511
     491
     448
     514
     462
     497
     500
     487
     511
     452
     486
     444
     477
     457
     466
     491
     465
     510
     466
     497
     511
     497
     455
     459
     474
     502
     505
     490
     505
     486
     497
     488
     511
     470
     468
     497
     481
     480
     487
     493
     466
     495
     530
     490
     502
     511
     531
     480
     503
     514
     453
     501
     516
     487
     518
     527
     498
     514
     516
     489
     498
     510
     492
     572
     497
     491
     538
     502
     519
     501
     528
     469
     462
     511
     565
     529
     514
     502
     531
     491
     479
     499
     490
     536
     561
     514
     525
     517
     496
     490
     440
     455
     459
     432
     456
     447
     398
     438
     391
     393
     382
     399
     406
     394
     367
     432
     424
     409
     352
     394
     400
     381
     422
     427
     379
     359
     383
     349
     329
     321
     300
     301
     276
     299
     287
     291
     283
     242
     273
     257
     248
     243
     227
     234
     246
     222
     210
     221
     226
     198
     219
     197
     227
     204
     186
     214
     202
     227
     194
     207
     169
     185
     179
     170
     175
     177
     169
     170
     170
     157
     148
     171
     161
     145
     134
     155
     158
     138
     127
     126
     120
     132
     139
     105
     124
      99
     106
     127
     106
     102
     107
      99
     120
     103
      99
     104
     121
      91
      80
     109
      99
      98
      93
      92
      86
      85
      85
      64
      77
      81
      78
      98
      81
      72
      82
      62
      65
      77
      68
      72
      65
      73
      73
      83
      56
      77
      59
      79
      63
      74
      60
      64
      62
      58
      53
      60
      57
      68
      59
      65
      50
      61
      75
      51
      57
      65
      59
      63
      72
      47
      53
      51
      67
      58
      54
      54
      60
      65
      55
      42
      57
      47
      37
      53
      48
      39
      56
      43
      40
      55
      48
      42
      63
      53
      38
      40
      42
      40
      38
      40
      42
      41
      37
      49
      38
      47
      36
      44
      40
      38
      31
      36
      33
      38
      42
      45
      49
      32
      39
      37
      51
      42
      39
      36
      32
      33
      24
      44
      29
      37
      31
      30
      32
      37
      38
      38
      41
      41
      33
      38
      42
      44
      44
      45
      43
      39
      43
      52
      49
      57
      40
      35
      42
      33
      38
      40
      33
      34
      34
      32
      37
      32
      24
      35
      32
      22
      18
      25
      35
      30
      21
      30
      28
      32
      25
      27
      31
      26
      24
      28
      23
      19
      35
      32
      26
      29
      27
      36
      27
      31
      34
      31
      31
      33
      32
      30
      30
      28
      37
      27
      27
      20
      28
      26
      23
      26
      20
      28
      22
      22
      18
      21
      28
      24
      11
      28
      21
      19
      21
      20
      20
      25
      22
      18
      15
      20
      24
      27
      26
      24
       9
      31
      14
      19
      24
      24
      19
      22
      17
      23
      27
      25
      19
      19
      13
      21
      23
      17
      15
      20
      22
      20
      15
      16
      23
      24
      23
      23
      22
      17
      22
      16
      14
       9
      22
      17
      19
      19
      18
      20
      26
      26
      18
      23
      35
      33
      26
      32
      35
      39
      35
      23
      31
      28
      33
      24
      16
      32
      23
      23
      18
      24
      14
      19
      17
      22
      11
      13
      18
      23
      16
      13
      14
      15
      16
      14
      15
      17
      14
       9
      18
      14
      14
      14
      17
      14
       6
      14
      10
      19
      16
      16
      16
      16
      11
      16
      17
       9
      22
      15
      11
      16
       8
      13
      13
      24
      14
      11
      15
      24
      11
      14
      20
      18
      10
      18
      16
      17
       7
      18
      18
      14
      23
      23
      19
      13
      16
      21
      12
       6
      10
      12
      17
      12
      11
      19
      16
      14
       9
      12
      13
      17
      12
      17
      10
      23
      15
      15
      17
      10
      12
      15
      13
      13
      18
      17
      17
      19
      19
      15
      16
      19
      18
      14
       9
      14
      18
      15
      17
      17
      13
      18
      15
      14
      18
      21
      14
      14
      16
      15
      22
      10
      14
      17
      18
      20
      19
      19
      27
      16
      18
      12
      13
      13
      13
      25
      26
      21
      14
      23
      24
      28
      13
      15
      18
      24
      19
      20
      19
      20
      15
      13
      18
      23
      11
      18
      18
      21
       8
      12
      20
      10
      18
      13
      18
      20
      25
      20
      20
      14
      18
      20
      16
      23
      16
      24
      16
      12
      19
      27
      21
      18
      16
      21
      21
      21
      22
      17
      27
      24
      33
      35
      36
      47
      76
      79
     109
     105
     110
     127
     156
     170
     178
     197
     198
     198
     206
     222
     218
     200
     198
     183
     182
     153
     140
     114
     104
      89
      74
      72
      66
      46
      28
      31
      25
      24
      21
      21
      22
      30
      31
      12
      16
      13
      16
      18
      27
      18
      27
      18
      13
      10
      21
      33
      17
      17
      21
      17
      20
      17
      21
      11
      13
      28
      26
      18
      14
      19
      22
      18
      16
      13
      15
      25
      15
      14
      20
      15
      22
      16
      12
      19
      19
      18
      29
      23
      22
      15
      31
      23
      22
      19
      21
      14
      21
      19
      18
      20
      21
      18
      29
      19
      28
      21
      18
      23
      20
      35
      35
      29
      32
      42
      47
      54
      62
      52
      52
      52
      70
      60
      69
      58
      51
      57
      46
      33
      43
      38
      30
      36
      25
      21
      32
      24
      24
      21
      25
      23
      21
      34
      37
      21
      23
      12
      12
      18
      22
      18
      17
      14
      15
      16
      12
      16
      17
      18
      12
      22
      14
      16
      11
      18
      16
      12
      19
      17
      11
      10
      12
      16
      13
      14
      17
      11
      18
      15
      12
       9
      18
      16
       6
      14
      17
      14
      21
      21
      18
      15
      16
       8
      16
      18
      19
       7
      14
      12
      19
      12
      14
      13
      18
      16
       4
      11
      15
      17
      15
      21
      25
      15
      21
      10
      16
      16
      23
      16
      17
      15
      26
      18
      13
      14
      19
      12
      15
      13
      16
      17
      13
      13
      19
      16
      20
      14
      14
      15
      17
      10
      23
      10
      15
      14
      19
      14
      15
      13
      18
      21
      13
      16
      20
      19
      17
      21
      18
      16
      21
      14
      12
      13
      12
      15
      18
      14
      18
      15
      16
      24
      18
      19
      17
      23
      14
      33
      18
      18
      24
      15
      24
      16
      25
      17
      22
      15
      25
      15
      21
      22
      14
      23
      17
      12
      22
      19
      23
      23
      14
      22
      22
       9
      24
      17
      18
      23
      24
      22
      18
      26
      23
      20
      26
      17
      18
      22
      17
      18
      17
      20
      25
      12
      27
      23
      18
      24
      26
      21
      24
      21
      28
      22
      20
      30
      23
      15
      19
      27
      14
      20
      25
      24
      29
      18
      24
      17
      15
      29
      21
      31
      20
      30
      19
      29
      20
      28
      24
      30
      26
      28
      32
      31
      36
      33
      33
      30
      24
      34
      28
      24
      29
      25
      35
      19
      26
      23
      25
      29
      31
      32
      26
      27
      33
      35
      30
      37
      27
      37
      33
      30
      32
      23
      29
      53
      32
      32
      29
      28
      42
      34
      26
      31
      51
      40
      32
      34
      28
      36
      30
      44
      45
      44
      42
      40
      44
      43
      54
      50
      48
      52
      39
      44
      44
      49
      54
      35
      39
      55
      55
      47
      52
      52
      42
      45
      74
      51
      67
      45
      65
      74
      64
      71
      59
      60
      75
      75
      64
      65
      73
      64
      68
      78
      74
      75
      81
      93
      72
      87
      73
      68
      78
      83
      79
      93
      90
      78
     106
     104
      93
      90
      89
     109
     105
     101
     115
      98
      97
      92
      97
     104
      85
      99
      93
     100
      93
     119
     111
      89
     106
     110
      95
      99
     105
     111
     102
     104
      96
     110
      93
     111
      98
      87
      93
      88
     105
      99
     112
     112
      91
     101
      99
     110
     104
     107
      76
     102
      98
      97
     100
     115
      80
      95
     103
     112
     108
      94
      95
     101
      86
     101
     110
      88
     107
     100
     118
      97
      94
      94
     124
     100
     118
     120
     112
     113
     126
     111
      97
     120
     124
     103
     129
     134
     113
     124
     140
     144
     146
     144
     118
     143
     135
     148
     118
     135
     146
     167
     133
     136
     129
     150
     138
     150
     183
     140
     156
     156
     163
     187
     179
     136
     175
     166
     175
     167
     164
     194
     189
     177
     213
     197
     198
     187
     211
     200
     201
     220
     233
     201
     249
     215
     235
     281
     238
     256
     285
     275
     302
     290
     271
     305
     342
     308
     305
     314
     315
     350
     332
     345
     385
     399
     431
     427
     439
     421
     473
     468
     510
     533
     579
     519
     557
     590
     642
     662
     692
     694
     742
     841
     895
     932
    1076
    1220
    1336
    1525
    1800
    1878
    2356
    2633
    3010
    3250
    3489
    4136
    4475
    4579
    4831
    5110
    5278
    5207
    5077
    5133
    4775
    4657
    4394
    4166
    3963
    3773
    3803
    3794
    3854
    3947
    4287
    4643
    4981
    5542
    5927
    6507
    6957
    7381
    7657
    7756
    7843
    7923
    7750
    7417
    6946
    6407
    5943
    5524
    4683
    4105
    3429
    2940
    2368
    2051
    1679
    1365
    1082
     825
     679
     513
     418
     345
     298
     260
     161
     159
     171
     133
     110
      97
      83
     106
      78
      72
      71
      72
      69
      69
      63
      62
      63
      70
      71
      73
      69
      56
      55
      58
      60
      68
      72
      52
      52
      62
      66
      57
      47
      66
      49
      67
      58
      59
      53
      58
      55
      47
      57
      55
      57
      57
      55
      65
      56
      62
      58
      76
      54
      67
      68
      51
      66
      56
      57
      52
      61
      55
      66
      60
      59
      63
      65
      57
      70
      78
      62
      66
      65
      71
      76
      65
      63
      67
      72
      77
      69
      62
      70
      73
      62
      88
      68
      74
     106
      74
     107
      85
      95
      86
      76
      93
     102
     103
     119
      83
      98
     104
      98
     107
     113
      92
     114
     129
     123
     120
     141
     121
     121
     117
     128
     142
     156
     127
     144
     137
     137
     141
     146
     154
     147
     172
     135
     159
     142
     175
     173
     181
     203
     191
     195
     186
     217
     212
     224
     242
     215
     239
     236
     250
     262
     268
     301
     310
     345
     409
     436
     519
     589
     563
     696
     797
     898
    1055
    1210
    1307
    1347
    1450
    1543
    1730
    1784
    1821
    1862
    1868
    1801
    1778
    1670
    1575
    1482
    1370
    1279
    1127
    1043
     891
     738
     649
     557
     486
     403
     330
     271
     255
     246
     188
     173
     147
     131
     144
     128
     125
     117
     132
     162
     164
     153
     188
     204
     257
     265
     287
     344
     363
     345
     417
     426
     421
     451
     459
     475
     423
     406
     426
     409
     351
     331
     278
     280
     258
     209
     160
     163
     125
     131
      88
      79
      75
      64
      56
      61
      24
      30
      32
      24
      15
      23
      34
      14
      21
      15
      12
      14
      10
      11
       6
      15
      11
      12
      11
      14
       7
       6
      14
      11
      15
      10
       6
      12
       7
       6
      10
      10
      15
      12
       8
       9
      10
      10
      10
       5
       9
       7
       6
      17
       4
       6
       9
       2
       8
      10
       8
       7
       7
       9
      10
      10
      10
       8
       2
       4
      10
       9
      12
      10
       4
       8
       4
      12
      10
       5
       8
      12
       5
      10
       9
       7
      10
       8
       4
       6
       8
       7
       7
       9
      11
       7
       4
       2
       7
       8
       5
      11
       7
       5
       6
       5
      11
       5
       6
       7
      10
       7
       8
       8
       6
       5
      12
      10
       7
      13
       9
       4
      15
      13
       9
       5
       7
      12
       3
       7
       7
      13
       6
       6
       5
      10
       5
       9
      13
      12
      10
       4
       8
      10
      13
       4
       8
       2
       2
       5
       4
       7
       7
       3
       8
      11
       6
       4
       4
       8
       7
       8
       7
      10
       6
       7
       6
       6
       9
       6
       7
       4
       6
       3
       8
       5
      11
       9
       9
       8
       8
      10
       5
       3
      11
       8
       7
      10
       8
       8
      11
       6
       9
       4
       5
       8
      14
       9
      15
       7
       4
       5
      10
      13
       4
       4
      11
       5
      10
       8
       9
       9
       7
       4
       9
       9
       8
      13
      12
      13
      20
      15
      20
      12
      17
      20
      21
      27
      34
      44
      43
      28
      68
      52
      72
      79
      77
      99
     100
     118
     125
     110
     106
     129
     111
     129
     109
     100
     103
     100
      82
      76
      65
      45
      48
      36
      30
      21
      22
      14
      12
       6
      13
       7
       4
       4
       4
       3
       4
       4
       1
       0
       0
       0
       0
       0
       0
       1
       1
       2
       2
       1
       0
       0
       1
       0
       1
       1
       2
       2
       0
       1
       1
       0
       0
       0
       2
       0
       0
       2
       1
       1
       0
       1
       1
       0
       1
       2
       0
       0
       4
       3
       0
       1
       0
       0
       1
       0
       0
       1
       1
       1
       1
       1
       0
       0
       0
       0
       0
       0
       0
       0
       0
       0
       0
       0
       0
       0
       0
       0
       0
       0
       0
       0
       0
       0
       0
       0
       0
       0
       0
       0
       0
       0
       0
       0
$ROI:
0
$PRESETS:
Live Time
100
0
$ENER_FIT:
0.000000 0.000000
$MCA_CAL:
3
0.000000E+000 0.000000E+000 0.000000E+000 
$SHAPE_CAL:
3
0.000000E+000 0.000000E+000 0.000000E+000
