$SPEC_ID:
No sample description was entered.
$SPEC_REM:
DET# 1
DETDESC# PHY-R11-68 MCB 129
AP# Maestro Version 7.01
$DATE_MEA:
03/01/2019 15:55:29
$MEAS_TIM:
100 106
$DATA:
0 2047
       0
       0
       0
       0
       0
       0
       0
       0
       0
       0
       0
       0
       0
       0
       0
       0
       0
       0
       0
       0
       0
       0
       0
       0
       0
       0
       0
       0
       0
       0
       0
       0
       0
       0
       0
       0
       0
       0
       0
       0
       0
       0
       0
       0
       0
       0
       0
       0
       0
     287
     693
     657
     697
     690
     702
     679
     691
     695
     653
     665
     667
     701
     676
     670
     668
     653
     669
     691
     623
     655
     627
     577
     650
     615
     646
     570
     604
     583
     603
     577
     602
     563
     539
     543
     581
     553
     523
     565
     562
     551
     579
     530
     539
     531
     564
     510
     522
     540
     478
     477
     524
     510
     548
     520
     496
     503
     517
     471
     519
     463
     490
     529
     533
     523
     488
     516
     443
     496
     445
     473
     504
     478
     456
     451
     467
     492
     466
     490
     476
     485
     495
     492
     472
     506
     478
     485
     485
     461
     465
     499
     474
     481
     491
     453
     507
     505
     470
     480
     489
     494
     509
     432
     514
     486
     486
     500
     454
     503
     492
     497
     497
     474
     492
     535
     517
     506
     523
     489
     501
     511
     511
     461
     520
     523
     495
     527
     517
     488
     500
     481
     480
     508
     501
     505
     476
     509
     510
     494
     495
     471
     496
     488
     444
     531
     495
     495
     484
     540
     535
     528
     542
     527
     540
     544
     563
     526
     505
     513
     453
     464
     476
     413
     391
     421
     414
     400
     407
     387
     391
     402
     348
     308
     396
     364
     428
     426
     407
     365
     389
     374
     383
     357
     384
     358
     336
     308
     311
     298
     291
     300
     271
     278
     316
     255
     267
     240
     234
     222
     234
     223
     214
     223
     254
     223
     219
     219
     215
     217
     236
     207
     232
     208
     218
     219
     197
     205
     201
     210
     195
     151
     190
     187
     167
     183
     153
     163
     151
     143
     145
     133
     144
     144
     158
     134
     144
     128
     134
     141
     114
     104
     125
      94
     102
     113
     115
      96
     106
      98
      98
      86
     109
      90
      91
     114
      80
      81
     106
      75
     107
     109
      69
      90
      94
      85
      93
      74
      82
      85
      70
      80
      76
      77
      74
      73
      65
      77
      73
      69
      72
      64
      59
      60
      93
      56
      78
      68
      56
      59
      67
      79
      61
      74
      54
      67
      50
      63
      63
      71
      77
      66
      66
      64
      45
      62
      67
      63
      52
      49
      54
      41
      55
      52
      53
      57
      60
      63
      45
      46
      62
      52
      47
      58
      52
      39
      60
      55
      60
      36
      45
      42
      37
      52
      37
      53
      36
      38
      54
      32
      34
      46
      38
      43
      35
      44
      48
      34
      39
      44
      41
      25
      38
      41
      40
      33
      39
      31
      41
      34
      46
      28
      40
      28
      35
      33
      37
      47
      38
      35
      35
      35
      37
      45
      39
      42
      44
      32
      45
      32
      58
      40
      46
      33
      61
      55
      47
      60
      59
      57
      47
      48
      35
      32
      29
      30
      40
      25
      38
      29
      35
      26
      46
      24
      29
      32
      18
      13
      25
      31
      22
      26
      28
      30
      31
      21
      23
      19
      33
      27
      24
      20
      21
      23
      35
      28
      23
      25
      22
      26
      25
      24
      25
      23
      25
      24
      31
      33
      29
      29
      20
      36
      30
      23
      22
      19
      21
      19
      21
      28
      26
      24
      20
      23
      19
      20
      17
      32
      22
      26
      18
      21
      21
      19
      21
      16
      23
      24
      18
      21
      14
      23
      22
      26
      19
      16
      16
      24
      21
      21
      23
      16
      18
      20
      19
      23
      23
      20
      24
      24
      16
      16
      19
      14
      16
       8
      10
      19
      17
      17
      20
      19
      20
      21
      23
      29
      20
      18
      21
      26
      21
      31
      33
      31
      29
      32
      39
      30
      35
      37
      39
      32
      30
      26
      23
      21
      35
      22
      29
      21
      13
      19
      22
      17
      10
       9
      16
      14
      10
      21
      14
      11
      18
       7
      12
      16
      14
      11
      13
      13
      13
      15
       7
      18
      14
      13
      10
      16
      19
      12
      15
      16
      11
      15
       8
      10
      14
      18
      13
      15
      10
      17
       8
      15
       9
       9
      13
      16
      12
      24
      17
      12
      19
      22
      22
      17
       8
      21
       7
      12
      18
      17
      16
      26
      18
      22
      23
      15
      15
      13
      23
      16
      18
      19
      13
      14
      16
      17
       9
      21
      17
      16
      13
      17
      11
      16
      20
      11
      13
      14
      18
      17
      20
      14
      14
      29
       7
      19
      17
      12
      14
      16
      18
      10
      19
      16
      12
      15
      19
      15
      13
      16
      12
      17
       9
      13
       9
      17
      17
      16
      18
      19
      17
      17
      20
      14
      15
      17
      13
      14
      12
      15
      18
      12
      20
      15
      22
      22
      18
      17
      14
      15
      15
      20
      15
      15
      18
      21
      15
      15
      20
      12
      15
      12
      18
       5
      16
      27
      20
      25
      15
      13
      21
      16
      16
      21
      21
      17
      23
      15
      20
      12
      19
      24
      21
      16
      23
      16
      14
      15
      27
      26
      15
      24
      17
      34
      24
      16
      23
      31
      37
      33
      45
      77
      72
      73
      78
     106
     132
     144
     150
     164
     208
     178
     201
     192
     200
     211
     215
     219
     203
     175
     176
     158
     122
     112
      99
      79
      67
      65
      48
      34
      31
      26
      26
      22
      20
      10
      22
      16
      22
      18
      22
      27
      18
      20
      20
      15
      24
      33
      23
      24
      23
      19
      16
      19
      23
      17
      22
      21
      15
      18
      22
      15
      16
      29
      23
      13
      15
      17
      15
      17
      14
      14
      20
      17
      15
      27
      21
      20
      14
      16
      15
      19
      16
      17
      22
      19
      20
      21
      26
      23
      19
      20
      19
      28
      24
      19
      10
      14
      15
      18
      17
      20
      25
      28
      31
      31
      26
      37
      39
      43
      36
      56
      47
      55
      60
      61
      90
      58
      47
      57
      73
      44
      49
      42
      45
      33
      36
      33
      32
      22
      21
      17
      25
      28
      17
      25
      23
      29
      23
      28
      26
      18
      17
      16
      21
      12
      21
      17
      17
      14
      14
      17
      16
      18
      22
      13
      21
      17
      19
      15
      13
      14
      19
      15
      14
      11
      20
      21
      14
      14
      17
      13
      20
      16
      12
      15
      15
      12
      15
      15
      18
      11
      13
      13
      13
      12
      13
      18
      10
      20
      12
      12
      10
      12
      13
      18
      10
      16
      14
      19
      23
      19
      12
      20
      15
      17
      23
      14
       7
      16
      17
      18
      12
      13
      13
      14
      20
      10
      18
      16
      16
      20
      20
      22
      22
      23
      20
      12
      12
      15
      14
      19
      12
      15
      21
      12
      24
      18
      16
      20
      20
      22
      18
      16
      17
      11
      17
      19
      19
      19
      11
      17
      15
      12
      16
      27
      18
      19
      15
      21
      21
      18
      18
      24
      23
      20
      20
      20
      22
      16
      17
      19
      13
      24
      20
      17
      25
      17
      18
      20
      17
      20
      16
      24
      15
      31
      16
      15
      22
      14
      15
      22
      24
      24
      19
      24
      21
      19
      16
      25
      29
      15
      17
      24
      16
      22
      22
      19
      24
      23
      23
      26
      26
      19
      22
      17
      20
      24
      18
      35
      29
      28
      27
      26
      20
      26
      16
      28
      33
      24
      25
      20
      30
      20
      35
      22
      18
      33
      27
      30
      27
      28
      30
      32
      22
      22
      36
      31
      37
      31
      30
      31
      28
      36
      22
      33
      28
      33
      19
      31
      26
      33
      24
      20
      34
      25
      32
      31
      33
      25
      29
      28
      26
      23
      39
      31
      33
      32
      30
      21
      31
      37
      28
      41
      49
      45
      27
      41
      38
      30
      39
      46
      35
      28
      42
      57
      33
      42
      44
      47
      32
      42
      37
      39
      52
      51
      54
      48
      47
      55
      45
      34
      47
      47
      52
      46
      42
      41
      51
      50
      36
      50
      56
      61
      47
      49
      50
      35
      56
      48
      48
      62
      57
      53
      46
      54
      56
      68
      45
      82
      56
      70
      60
      68
      79
      70
      68
      75
      82
      78
      81
      69
      83
      93
      81
     102
     105
      85
      97
      81
     101
     100
      84
     100
      93
     105
      96
      88
      84
      96
      93
     118
     109
     116
     110
     118
     106
      98
     104
     129
     100
      96
      84
     117
      96
     103
     125
     107
     122
     111
      94
     100
     125
     119
     101
     125
      84
     116
      98
      94
     108
     125
     123
     127
     114
     114
     122
     105
     122
     115
     116
     111
     115
     106
     107
     138
     136
     129
     103
     111
     118
     124
     122
     111
     134
     147
     119
     130
     119
     132
     140
     136
     136
     153
     136
     120
     130
     150
     136
     133
     124
     153
     155
     154
     136
     145
     140
     133
     153
     135
     155
     135
     150
     145
     165
     176
     174
     158
     157
     169
     163
     206
     171
     166
     182
     191
     174
     159
     163
     177
     170
     164
     199
     201
     214
     226
     186
     215
     198
     219
     211
     235
     230
     228
     217
     225
     248
     220
     254
     263
     250
     252
     249
     265
     276
     273
     280
     257
     304
     303
     299
     333
     344
     326
     367
     340
     360
     350
     399
     400
     377
     387
     429
     400
     430
     438
     465
     463
     466
     484
     508
     505
     522
     511
     564
     531
     613
     631
     628
     640
     649
     682
     720
     759
     850
     940
    1015
    1186
    1341
    1483
    1800
    2045
    2297
    2579
    2968
    3265
    3602
    4012
    4355
    4541
    4782
    4811
    5051
    4969
    4890
    4832
    4699
    4348
    4075
    3918
    3785
    3751
    3630
    3538
    3729
    4098
    4230
    4707
    5062
    5464
    6020
    6479
    7065
    7249
    7666
    8075
    8030
    7741
    7648
    7315
    6959
    6367
    5731
    5090
    4486
    3871
    3322
    2766
    2348
    1860
    1624
    1251
     980
     821
     698
     462
     390
     315
     304
     215
     171
     166
     155
     102
     109
     111
      95
     101
      95
      82
      80
      68
      72
      77
      67
      82
      76
      76
      66
      62
      71
      68
      45
      72
      68
      64
      68
      54
      61
      48
      58
      72
      52
      68
      57
      65
      65
      59
      60
      64
      60
      51
      60
      59
      60
      69
      54
      71
      54
      64
      67
      81
      64
      49
      56
      59
      62
      71
      75
      52
      71
      56
      74
      59
      54
      70
      68
      70
      72
      70
      65
      84
      73
      66
      62
      72
      86
      78
      79
      79
      86
      78
     100
      75
      78
      72
      82
      83
      75
      79
      71
      87
      87
     122
      84
     101
      81
     102
     107
     104
     123
     112
     114
     117
     110
     110
     130
     116
     132
     142
     133
     124
     145
     140
     152
     128
     141
     143
     135
     153
     143
     180
     174
     178
     180
     173
     170
     163
     168
     194
     175
     171
     196
     200
     171
     168
     198
     187
     200
     185
     212
     215
     214
     201
     201
     251
     234
     302
     344
     359
     378
     456
     527
     582
     668
     826
     928
     944
    1188
    1279
    1326
    1533
    1615
    1714
    1848
    1821
    1820
    1886
    1804
    1772
    1623
    1581
    1454
    1295
    1210
    1126
     934
     860
     721
     606
     568
     462
     350
     316
     271
     274
     213
     189
     154
     149
     111
     119
     146
     123
      94
     118
     137
     139
     155
     181
     203
     241
     285
     299
     357
     354
     351
     433
     406
     473
     441
     444
     464
     453
     415
     438
     388
     361
     353
     288
     264
     248
     197
     183
     156
     157
     126
      95
      84
      81
      58
      44
      47
      45
      37
      28
      22
      18
      18
      16
      12
      12
      17
      15
      10
       3
      10
       7
      13
      16
      10
      10
       4
      10
       6
       8
       9
      13
       8
       9
      13
       8
      10
       7
       8
      11
      11
      10
      11
      14
      10
       8
      15
      11
       7
      10
       6
       6
       9
       7
      13
      14
      10
       9
      11
      11
      11
       7
       7
       7
      10
       9
       6
       4
       6
      13
      11
       6
       8
       9
       4
       5
       7
       6
      10
       7
       9
       6
      10
      14
       9
       6
       8
       9
      11
       6
       9
       3
      11
       7
       2
       8
       7
      10
      14
      12
      12
      11
       7
      11
       9
       9
      10
       9
       7
       4
      10
      11
       8
       8
       4
       7
       9
       7
      11
       9
       6
       6
       5
       9
       5
       3
      11
      14
       7
       4
       6
      12
       4
       7
       7
       9
       4
       6
       9
      12
      10
      10
      14
       9
      12
       5
       4
       5
      11
      13
       3
       4
       7
       8
      11
      11
      12
       2
      10
       6
       8
      10
      11
       8
       6
       6
      14
       8
       4
       5
       5
       7
       4
       9
       3
       5
       8
       7
      10
       7
       5
      10
       7
       8
       6
       9
       6
      14
       9
      13
       8
      12
      11
      13
       8
      10
       4
      11
      14
      12
       8
       5
       9
       9
       7
      13
      10
       8
       3
      13
       7
      10
      10
       7
       8
      11
       9
      13
      12
      16
      11
      14
      16
      17
      27
      25
      28
      51
      53
      62
      59
      64
      94
      95
      93
     124
     121
     110
     109
     126
      98
     114
     120
     118
      93
     111
      95
      84
      71
      59
      53
      40
      32
      25
      21
      20
      15
      11
      13
       5
      10
       9
       3
       4
       1
       2
       1
       1
       0
       1
       2
       2
       0
       1
       1
       1
       1
       1
       0
       2
       0
       0
       0
       2
       0
       1
       1
       2
       0
       0
       1
       0
       0
       1
       1
       0
       0
       0
       0
       1
       0
       0
       0
       0
       1
       0
       0
       1
       0
       2
       1
       0
       0
       0
       1
       2
       0
       0
       0
       0
       0
       0
       0
       0
       0
       0
       0
       0
       0
       0
       0
       0
       0
       0
       0
       0
       0
       0
       0
       0
       0
       0
       0
       0
       0
       0
       0
       0
       0
       0
       0
       0
$ROI:
0
$PRESETS:
Live Time
100
0
$ENER_FIT:
0.000000 0.000000
$MCA_CAL:
3
0.000000E+000 0.000000E+000 0.000000E+000 
$SHAPE_CAL:
3
0.000000E+000 0.000000E+000 0.000000E+000
