$SPEC_ID:
No sample description was entered.
$SPEC_REM:
DET# 1
DETDESC# PHY-R11-68 MCB 129
AP# Maestro Version 7.01
$DATE_MEA:
03/01/2019 15:51:07
$MEAS_TIM:
100 106
$DATA:
0 2047
       0
       0
       0
       0
       0
       0
       0
       0
       0
       0
       0
       0
       0
       0
       0
       0
       0
       0
       0
       0
       0
       0
       0
       0
       0
       0
       0
       0
       0
       0
       0
       0
       0
       0
       0
       0
       0
       0
       0
       0
       0
       0
       0
       0
       0
       0
       0
       0
       0
     256
     708
     655
     695
     687
     692
     722
     641
     657
     669
     656
     678
     691
     647
     652
     670
     712
     637
     625
     657
     668
     619
     621
     624
     559
     569
     612
     609
     651
     577
     614
     579
     581
     551
     569
     607
     626
     559
     572
     535
     549
     569
     563
     576
     514
     575
     511
     554
     542
     554
     507
     529
     504
     559
     497
     521
     515
     506
     510
     547
     499
     514
     505
     493
     484
     537
     483
     486
     476
     460
     486
     522
     454
     481
     464
     514
     479
     497
     471
     485
     492
     488
     443
     516
     496
     497
     468
     458
     501
     471
     520
     492
     504
     471
     434
     467
     502
     502
     483
     493
     494
     496
     478
     472
     492
     490
     521
     465
     490
     501
     518
     496
     490
     471
     498
     512
     496
     507
     513
     532
     540
     559
     512
     448
     505
     473
     506
     540
     512
     504
     499
     500
     510
     558
     522
     514
     507
     499
     550
     530
     497
     499
     479
     537
     506
     532
     511
     508
     531
     526
     515
     523
     508
     495
     528
     514
     466
     463
     496
     475
     457
     414
     425
     404
     424
     433
     399
     440
     400
     382
     379
     437
     398
     367
     413
     394
     374
     405
     371
     415
     442
     381
     371
     378
     363
     341
     340
     311
     305
     313
     278
     286
     302
     264
     295
     276
     283
     248
     232
     225
     224
     227
     215
     229
     230
     222
     238
     218
     215
     202
     212
     219
     215
     197
     197
     197
     202
     176
     181
     193
     185
     160
     173
     163
     157
     157
     155
     147
     121
     155
     125
     160
     135
     145
     149
     137
     119
     121
     121
     123
     102
     112
     105
     109
     121
     107
     133
     103
     103
     112
      99
     105
      94
      99
     102
      83
      94
      73
      96
      83
      80
      94
      96
      90
      71
      70
      76
      86
      70
      99
      84
      81
      78
      88
      78
      80
      81
      82
      73
      75
      71
      61
      62
      80
      71
      72
      50
      64
      66
      61
      60
      66
      68
      72
      67
      50
      58
      79
      66
      44
      63
      66
      58
      63
      43
      62
      59
      44
      64
      55
      48
      53
      55
      64
      52
      55
      50
      35
      42
      59
      48
      53
      41
      43
      60
      48
      36
      42
      30
      56
      49
      38
      52
      57
      36
      46
      32
      47
      38
      47
      42
      39
      43
      35
      44
      31
      47
      45
      38
      41
      40
      32
      36
      54
      33
      48
      41
      35
      45
      42
      46
      45
      32
      33
      40
      38
      33
      29
      32
      30
      31
      34
      36
      41
      30
      38
      38
      49
      38
      47
      45
      56
      56
      46
      46
      39
      42
      37
      48
      45
      43
      42
      34
      34
      36
      33
      23
      30
      28
      32
      32
      37
      28
      27
      33
      27
      24
      22
      25
      34
      32
      32
      33
      25
      24
      30
      29
      21
      27
      14
      29
      26
      40
      28
      30
      25
      21
      31
      29
      31
      33
      25
      22
      23
      33
      25
      30
      23
      20
      43
      23
      29
      34
      26
      24
      30
      20
      17
      34
      19
      23
      16
      12
      22
      29
      20
      28
      27
      20
      16
      14
      24
      21
      19
      21
      24
      23
      20
      18
      27
      22
      19
      12
      16
      22
      23
      14
      16
      22
      24
      17
      13
      15
      19
      27
      15
      18
      18
      20
      20
      14
      22
      24
      18
      21
      23
      21
      20
      16
      13
      13
      17
      17
      21
       9
      17
      12
      18
      21
      22
      24
      16
      25
      26
      19
      29
      27
      28
      30
      34
      37
      21
      31
      26
      21
      26
      22
      17
      26
      23
      17
      22
      16
      13
       9
      19
      14
      25
      18
       6
      23
      22
      16
      13
      14
      21
      16
      22
      15
      12
      16
      11
       9
       8
       9
       9
      12
      16
      10
      16
      16
       7
      15
       9
      13
      15
      16
      14
      11
      18
       8
      10
       8
      15
      12
      18
      13
      15
      18
      24
      28
      15
      17
      16
      13
      15
      24
      14
      15
      16
      25
      26
      17
      18
      16
      16
      20
      14
       9
      17
      16
      22
      17
      21
      23
      21
       5
      12
      13
      16
      20
      16
      17
      20
      12
      14
      14
      16
      16
      17
      17
       6
      20
      13
      18
      22
      21
      16
      11
      14
      16
       7
      10
      12
      18
      12
      17
      10
      16
      21
      22
      10
      18
      14
      19
      15
      12
      16
      11
      18
      18
      19
      15
      11
      20
      13
      14
      25
      16
      14
      21
      16
      19
      15
      16
      15
      23
      18
      13
      20
      17
      12
      25
      17
      23
      19
      16
      20
      14
      19
      13
      17
      13
      20
      23
      17
      16
      18
      15
      20
      20
      16
      25
      21
      13
      18
      19
      22
      15
      14
      23
      22
      17
      11
      20
      20
      27
      17
      21
      27
      18
      25
      25
      18
      21
      14
      30
      28
      34
      32
      35
      68
      57
      67
      93
      80
     100
     142
     144
     141
     169
     173
     184
     177
     204
     221
     178
     205
     215
     211
     172
     165
     138
     165
     116
      87
      97
      79
      56
      52
      52
      30
      30
      20
      23
      24
      13
      11
      15
      19
      22
      12
      22
      23
      15
      21
      18
      26
      20
      21
      25
      21
      15
      16
      27
      19
      13
      22
      17
      16
      18
      14
      15
      20
      16
      14
      17
      15
      15
      27
      23
      13
      18
      23
      22
      20
      17
      23
      17
      11
      30
      28
      24
      20
      18
      22
      16
      26
      28
      28
      15
      15
      16
      22
      20
      17
      24
      21
      20
      20
      20
      23
      28
      17
      22
      30
      19
      42
      39
      31
      37
      52
      42
      62
      63
      54
      57
      64
      68
      62
      53
      43
      47
      39
      44
      38
      26
      38
      35
      30
      27
      27
      30
      18
      19
      24
      22
      24
      23
      28
      20
      18
      22
      27
      26
      16
      18
      23
      25
      13
      19
      17
      15
      10
      20
      10
      15
      19
      19
      16
      19
      18
      18
      22
      21
       7
      18
      14
      14
      14
      16
      16
      23
      15
      20
      14
      19
      20
      23
      20
      19
      14
      11
      15
      14
      21
      20
      22
      12
      22
      26
      20
      19
      23
      15
      22
      22
      21
      14
      28
      22
      23
      10
      16
      24
      15
      25
      25
      13
      19
      15
      14
      15
      18
      18
      15
      17
      21
      21
      18
      20
      10
      11
      11
      17
      20
      21
      19
      23
      10
      17
      17
      17
      14
      15
      11
      15
       7
      16
      17
      17
      25
      24
      28
      25
      22
      17
      19
      20
      13
      18
      16
      17
      15
      21
      18
      19
      21
      14
      18
      22
      23
      16
      19
      18
      18
      16
      13
      25
      25
      15
      23
      18
      23
      34
      19
      25
      23
      21
      22
      21
      28
      27
      29
      19
      18
      19
      14
      17
      28
      13
      23
      17
      24
      23
      13
      20
      13
      20
      24
      31
      22
      21
      21
      13
      20
      19
      29
      27
      34
      26
      28
      21
      28
      18
      23
      27
      22
      29
      31
      27
      26
      28
      26
      30
      33
      23
      20
      29
      29
      24
      22
      24
      24
      23
      30
      28
      24
      24
      22
      33
      29
      31
      35
      27
      32
      36
      29
      25
      37
      30
      31
      38
      28
      29
      39
      37
      29
      34
      20
      39
      29
      31
      23
      31
      31
      38
      30
      31
      33
      43
      34
      32
      35
      38
      37
      36
      34
      27
      39
      34
      32
      45
      30
      27
      37
      38
      42
      39
      48
      38
      36
      40
      50
      41
      40
      46
      41
      37
      40
      41
      31
      51
      48
      39
      47
      54
      40
      55
      48
      46
      46
      54
      41
      55
      53
      53
      57
      53
      61
      54
      71
      47
      63
      54
      58
      48
      50
      58
      61
      51
      60
      62
      65
      64
      59
      64
      76
      76
      68
      62
      81
      63
      76
      81
      80
      79
     100
      92
      64
      81
      79
      98
      84
     101
      91
      79
      98
      97
      93
     113
      99
      97
      99
      92
     119
     107
     111
     103
     111
     103
     114
     118
      88
     102
     126
     114
     137
     102
     112
     120
     127
     117
     104
     110
     124
     140
     128
     119
     119
     118
     133
     120
     107
     115
     114
     108
     126
     130
     113
     137
     132
     103
     115
     106
     126
     141
     136
     128
     121
     118
     120
     124
     120
     134
     134
     139
     146
     133
     118
     134
     156
     157
     157
     159
     139
     161
     145
     157
     146
     152
     148
     144
     135
     150
     156
     161
     151
     151
     168
     155
     149
     159
     116
     165
     151
     158
     163
     160
     175
     154
     168
     157
     179
     181
     170
     164
     158
     187
     188
     190
     155
     178
     185
     162
     174
     165
     220
     216
     210
     196
     195
     169
     236
     236
     185
     214
     196
     210
     235
     237
     225
     228
     233
     257
     237
     274
     226
     264
     267
     253
     274
     307
     273
     314
     296
     323
     340
     307
     340
     349
     317
     344
     330
     327
     358
     366
     403
     396
     404
     426
     421
     416
     400
     456
     413
     452
     445
     483
     458
     483
     445
     475
     498
     499
     473
     525
     583
     540
     571
     567
     620
     650
     724
     743
     810
     878
    1031
    1085
    1190
    1506
    1726
    1946
    2229
    2641
    2927
    3309
    3677
    3929
    4168
    4556
    4802
    4790
    4987
    4922
    4885
    4777
    4692
    4252
    4242
    3968
    3826
    3621
    3471
    3583
    3699
    3938
    4153
    4640
    5063
    5548
    6011
    6559
    7005
    7294
    7695
    8063
    8045
    7741
    7748
    7252
    6832
    6299
    5828
    5145
    4661
    3895
    3230
    2741
    2329
    1892
    1590
    1327
    1040
     856
     649
     552
     402
     342
     271
     207
     186
     163
     154
     132
     116
     115
     100
      82
      96
      80
      83
      69
      86
      75
      75
      67
      67
      65
      71
      68
      69
      64
      47
      74
      66
      68
      99
      60
      62
      59
      63
      66
      63
      76
      79
      61
      71
      73
      57
      66
      72
      68
      53
      58
      69
      69
      62
      83
      63
      74
      65
      65
      62
      82
      62
      79
      66
      61
      81
      61
      73
      80
      65
      50
      76
      67
      62
      75
      91
      71
      67
      66
      77
      82
      82
      86
      62
      88
      78
      76
      93
      81
      96
      71
      90
      93
      78
      84
      69
      83
      87
      88
      95
     102
     101
     114
     107
     122
      91
     108
     123
     116
     121
     102
     138
     119
     125
     132
     140
     136
     132
     121
     139
     139
     144
     152
     148
     152
     156
     149
     156
     158
     145
     148
     157
     172
     147
     167
     170
     171
     157
     181
     192
     194
     160
     171
     178
     170
     180
     190
     181
     172
     222
     224
     213
     247
     262
     279
     300
     349
     401
     453
     528
     674
     711
     805
     904
    1056
    1125
    1278
    1373
    1528
    1644
    1637
    1918
    1839
    1845
    1873
    1869
    1726
    1744
    1471
    1436
    1332
    1330
    1088
    1002
     814
     704
     604
     530
     489
     406
     348
     283
     224
     187
     173
     154
     151
     118
     129
     110
     121
     127
     138
     146
     147
     169
     181
     195
     247
     260
     282
     371
     363
     387
     407
     432
     469
     492
     487
     503
     467
     440
     405
     370
     351
     336
     269
     285
     250
     227
     186
     179
     137
     114
      96
      90
      67
      53
      59
      49
      38
      37
      23
      22
      22
      23
      17
      18
      14
       9
      21
       9
      15
      11
       8
      11
       7
      13
      16
      11
      10
       7
      13
      11
       7
      10
      10
      11
       9
      10
      11
       7
       7
      11
      10
       8
      11
       7
      12
       8
       8
       9
      11
      20
       5
       9
       9
       3
       4
       8
       7
       4
      10
       5
       8
       4
       9
       9
      16
      17
       9
       7
       4
       5
       7
      11
       8
      11
      10
       7
       6
       8
       8
       5
       6
       9
       5
       8
       4
       7
       9
       7
      11
      10
       5
       9
      10
       6
       8
       7
      10
       7
       7
       5
       5
      11
       5
      10
       2
       2
       5
       5
       6
       4
       7
      11
       7
      10
       8
       4
      12
       3
       7
      12
       7
       8
       4
       6
      16
       5
       7
       4
       6
       8
       8
      10
       4
      10
       5
      11
       5
       7
       7
       6
       6
       6
       4
       5
       4
       5
       9
       6
       6
       5
       7
       6
       4
       7
       8
      13
       6
       4
       6
       7
       7
       7
      13
      10
       6
       9
       9
       8
       8
       4
       5
       3
       8
       6
       9
       7
       9
       6
       4
       5
       9
       8
      13
       7
       5
       2
       5
       6
       6
      10
       7
       7
       9
       9
       8
      11
      13
       7
       8
      12
      16
       9
       9
       6
      10
       9
       4
       5
       7
       7
      11
       8
      10
       9
       9
       8
       9
       5
      13
      19
      18
      14
      20
      23
      25
      32
      29
      39
      44
      65
      62
      81
      97
     102
     112
     121
     122
     130
     122
     120
     103
     117
     109
      91
      95
      91
      94
      79
      57
      62
      46
      31
      44
      22
      22
      11
       9
      17
      13
      10
       6
       5
       7
       1
       1
       3
       0
       2
       1
       1
       1
       1
       2
       0
       0
       1
       0
       1
       2
       2
       1
       0
       0
       0
       1
       0
       0
       1
       1
       1
       0
       0
       0
       0
       1
       1
       1
       2
       0
       0
       2
       1
       0
       0
       0
       1
       1
       0
       3
       3
       1
       0
       0
       0
       1
       0
       0
       0
       0
       0
       0
       0
       0
       0
       0
       0
       0
       0
       0
       0
       0
       0
       0
       0
       0
       0
       0
       0
       0
       0
       0
       0
       0
       0
       0
       0
       0
       0
       0
       0
       0
$ROI:
0
$PRESETS:
Live Time
100
0
$ENER_FIT:
0.000000 0.000000
$MCA_CAL:
3
0.000000E+000 0.000000E+000 0.000000E+000 
$SHAPE_CAL:
3
0.000000E+000 0.000000E+000 0.000000E+000
