$SPEC_ID:
No sample description was entered.
$SPEC_REM:
DET# 1
DETDESC# PHY-R11-68 MCB 129
AP# Maestro Version 7.01
$DATE_MEA:
03/01/2019 15:04:40
$MEAS_TIM:
100 106
$DATA:
0 2047
       0
       0
       0
       0
       0
       0
       0
       0
       0
       0
       0
       0
       0
       0
       0
       0
       0
       0
       0
       0
       0
       0
       0
       0
       0
       0
       0
       0
       0
       0
       0
       0
       0
       0
       0
       0
       0
       0
       0
       0
       0
       0
       0
       0
       0
       0
       0
       0
       0
     293
     702
     654
     680
     682
     705
     718
     669
     693
     650
     641
     649
     654
     663
     639
     622
     633
     635
     632
     591
     668
     658
     614
     614
     664
     581
     620
     614
     567
     589
     598
     594
     596
     597
     588
     588
     563
     554
     567
     570
     557
     502
     520
     502
     550
     543
     591
     555
     509
     514
     533
     512
     533
     535
     533
     512
     522
     524
     507
     507
     493
     518
     482
     486
     463
     491
     494
     488
     536
     468
     521
     461
     470
     498
     492
     475
     463
     460
     465
     517
     464
     450
     488
     450
     513
     484
     502
     477
     484
     468
     487
     488
     482
     493
     479
     479
     493
     499
     470
     466
     493
     502
     480
     512
     525
     452
     497
     524
     472
     486
     548
     494
     441
     523
     506
     476
     502
     439
     523
     518
     505
     457
     474
     513
     478
     541
     518
     517
     520
     509
     529
     522
     503
     520
     479
     497
     505
     460
     510
     519
     513
     467
     513
     520
     485
     514
     559
     483
     468
     509
     495
     498
     525
     505
     484
     544
     512
     467
     469
     498
     428
     434
     402
     401
     411
     413
     380
     448
     386
     373
     412
     370
     366
     386
     393
     443
     420
     348
     413
     390
     353
     390
     357
     351
     364
     311
     331
     325
     343
     274
     297
     295
     273
     291
     258
     283
     263
     263
     225
     228
     266
     222
     247
     234
     211
     226
     230
     223
     243
     218
     226
     233
     207
     213
     217
     192
     185
     204
     209
     174
     183
     208
     185
     138
     177
     154
     157
     157
     156
     153
     160
     152
     121
     155
     135
     140
     128
     137
     131
     112
     109
     123
     127
     108
     105
     105
     113
     105
      87
      93
     112
     107
     100
     101
      73
     103
      96
      84
      92
      86
      82
      91
      92
      95
      78
      78
      87
      74
      93
      86
      93
      74
      94
      79
      90
      84
      78
      82
      74
      75
      68
      70
      59
      71
      60
      71
      75
      68
      67
      65
      70
      59
      67
      68
      69
      69
      64
      57
      62
      74
      62
      49
      54
      76
      60
      59
      56
      54
      51
      48
      58
      61
      50
      54
      61
      57
      50
      43
      52
      57
      55
      42
      42
      58
      46
      42
      48
      45
      47
      42
      49
      79
      41
      40
      44
      44
      56
      47
      50
      36
      40
      36
      34
      45
      34
      37
      41
      30
      27
      35
      32
      39
      32
      35
      38
      38
      31
      37
      44
      42
      34
      47
      37
      34
      42
      30
      50
      33
      30
      38
      36
      25
      37
      39
      25
      35
      25
      28
      46
      50
      35
      43
      51
      59
      46
      43
      44
      59
      48
      49
      47
      45
      31
      46
      34
      37
      34
      37
      28
      36
      23
      33
      34
      30
      24
      29
      31
      26
      31
      34
      29
      29
      16
      30
      36
      26
      29
      20
      34
      22
      21
      26
      20
      25
      15
      23
      35
      22
      30
      30
      21
      26
      29
      33
      31
      19
      34
      28
      32
      16
      19
      19
      27
      20
      34
      27
      26
      25
      27
      20
      22
      23
      17
      16
      22
      19
      33
      24
      22
      23
      29
      19
      20
      16
      30
      16
      19
      28
      23
      18
      23
      20
      21
      22
      18
      20
      17
      21
      33
      23
      13
      25
      21
      26
      23
      10
      19
      17
       9
      19
      15
      26
      21
      22
      21
      23
      19
      28
      19
      17
      18
      23
      15
      19
      23
      26
      20
      19
      17
      23
      22
      24
      20
      32
      29
      35
      21
      23
      36
      35
      24
      27
      25
      30
      34
      23
      15
      24
      18
      19
      16
      20
      17
      16
      25
      19
      12
      16
      20
      18
      11
      12
      14
      12
      19
      14
      16
      28
      15
      18
      28
      10
      12
      19
      16
      15
      15
       6
      12
      14
      19
      11
      17
      11
      22
      18
      14
       8
      15
      16
      22
      14
       8
      19
      17
       9
      11
      13
      12
      14
      18
      18
      24
      15
      18
      18
      12
      20
      13
      19
      16
      21
      14
      27
      14
      21
      19
      19
      18
      16
      11
      16
      22
      19
      16
      10
      14
      13
      12
      12
      19
      17
      15
      15
      12
      23
      10
      10
       9
      16
      16
      17
      12
      17
      16
      21
      10
      10
      22
      18
      15
      19
      14
      14
       9
      16
      12
      19
      18
      14
      19
      21
      16
      18
      15
      16
      14
      17
      22
      13
      11
      11
      17
       8
      23
      13
      16
      12
      17
       9
       9
      11
      20
      12
      11
      15
      10
      18
      13
      17
      13
      21
      15
      12
      18
      17
      20
      19
      21
      19
      19
      18
      17
      20
      22
      13
      19
      16
      20
      19
      16
      26
      18
      17
      12
      19
      14
      18
      18
      13
      22
      25
      24
      16
      21
      21
      18
      20
      24
      18
      26
      22
      18
      19
      19
      32
      21
      26
      30
      35
      45
      39
      63
      72
      75
      95
     122
     138
     133
     151
     172
     186
     185
     197
     235
     222
     235
     196
     207
     177
     179
     160
     164
     125
     114
      97
      90
      60
      32
      49
      46
      28
      26
      29
      19
      30
      25
      19
      20
      22
      19
      22
      14
      28
      18
      20
      21
      22
      14
      25
      19
      20
      19
      11
      17
      26
      22
      22
      25
      28
      18
      12
      14
      10
      28
      14
      20
      17
      16
      18
      18
      22
      15
      18
      24
      16
      13
      11
      16
      23
      18
      14
      25
      26
      23
      19
      21
      18
      13
      22
      20
      20
      17
      28
      18
      15
      13
      25
      15
      24
      22
      10
      20
      22
      26
      33
      20
      36
      25
      39
      56
      42
      60
      47
      60
      63
      55
      66
      47
      72
      64
      53
      51
      54
      48
      36
      43
      24
      26
      29
      22
      21
      18
      25
      24
      26
      27
      33
      24
      26
      17
      20
      17
      28
      17
      19
      19
      17
      15
      15
      12
      16
      15
      15
      16
      14
      19
      14
      16
      16
      10
      15
      17
      11
      15
      16
      18
      20
       7
      16
      20
      16
      15
      16
      15
      16
      14
      13
      12
      17
      12
      13
      18
      18
      12
      21
      11
      15
      16
      15
       9
      14
      21
      10
      11
      19
      22
      15
      13
      17
       9
      14
      12
      19
      11
      17
      24
      14
      19
      15
      14
      16
      14
      16
      19
      20
      18
      15
      13
       6
      18
      14
      12
      20
      23
      18
      10
      22
      17
      12
      23
      17
      16
      18
      13
      17
      15
      13
      12
      20
      16
      25
      13
      21
      19
      17
      18
      14
      28
      10
      18
      18
      19
      15
      16
      10
      11
      23
      16
      19
      22
      15
      10
      20
      13
      26
      19
      15
       9
      13
      21
      21
      17
      20
      19
      18
      23
      24
      17
      16
      16
      18
      21
       9
      20
      18
      17
      19
      22
      22
      23
      17
      20
      13
      22
      30
      21
      19
      25
      27
      17
      20
      27
      17
      18
      20
      19
      18
      24
      22
      20
      28
      29
      29
      22
      17
      28
      30
      26
      24
      25
      25
      21
      16
      18
      24
      28
      24
      26
      19
      27
      32
      25
      22
      20
      27
      36
      31
      23
      22
      23
      36
      28
      32
      25
      26
      28
      19
      24
      28
      27
      37
      23
      25
      30
      20
      28
      32
      28
      33
      29
      24
      25
      34
      20
      32
      20
      37
      29
      25
      30
      37
      38
      30
      28
      33
      40
      31
      32
      27
      50
      26
      33
      33
      43
      33
      18
      33
      36
      32
      50
      38
      32
      36
      35
      33
      34
      40
      40
      39
      32
      46
      50
      38
      42
      44
      38
      35
      54
      40
      40
      43
      55
      44
      52
      35
      42
      49
      45
      49
      49
      44
      45
      46
      60
      49
      43
      64
      39
      48
      63
      67
      51
      48
      65
      56
      62
      55
      61
      77
      59
      70
      67
      66
      67
      84
      72
      56
      62
      85
      74
      91
      69
      70
      92
      68
      84
     100
      89
      79
      96
     104
      88
      95
      88
      89
      81
      84
     112
      94
      92
      80
      97
      85
     104
      85
     103
     113
     100
     115
      93
     108
      94
      93
      92
     101
     103
      98
     108
     118
     112
     102
     103
     120
     104
     112
     105
     110
     106
     106
     107
      93
     123
      95
      90
      96
     117
     107
     104
     106
     116
     118
     111
     126
      98
     122
     124
     102
     104
     111
     123
     106
     107
     116
     118
     122
     108
     113
     122
     116
     108
     135
     136
     132
     131
     119
     122
     125
     145
     136
     111
     131
     134
     120
     139
     135
     147
     125
     145
     140
     128
     142
     140
     144
     148
     144
     136
     158
     140
     174
     169
     140
     157
     167
     151
     152
     169
     169
     148
     169
     164
     171
     192
     188
     186
     175
     160
     209
     223
     214
     231
     224
     237
     209
     211
     205
     215
     228
     239
     275
     220
     210
     265
     239
     275
     260
     314
     283
     322
     287
     267
     311
     311
     313
     330
     360
     362
     369
     378
     340
     350
     374
     386
     414
     398
     365
     445
     416
     412
     462
     516
     508
     512
     533
     507
     570
     566
     570
     564
     613
     640
     661
     690
     719
     734
     803
     969
    1032
    1159
    1333
    1543
    1671
    2003
    2179
    2505
    2892
    3296
    3524
    3958
    4363
    4583
    4803
    4833
    4907
    5043
    4997
    4813
    4706
    4481
    4187
    4086
    3808
    3603
    3585
    3614
    3841
    3961
    4066
    4473
    4814
    5388
    5671
    6481
    6873
    7264
    7659
    7835
    7794
    7790
    7756
    7372
    7036
    6524
    5845
    5307
    4615
    4181
    3582
    2994
    2504
    2091
    1773
    1394
    1124
     894
     733
     602
     484
     344
     330
     224
     223
     185
     168
     135
     118
     103
      87
      80
      83
      82
      91
      72
      80
      81
      63
      74
      77
      60
      87
      80
      67
      60
      50
      62
      71
      72
      67
      49
      64
      64
      54
      62
      57
      59
      55
      64
      45
      55
      53
      62
      61
      57
      59
      56
      49
      63
      67
      66
      65
      73
      58
      69
      73
      60
      56
      65
      60
      68
      71
      56
      68
      63
      66
      65
      70
      66
      82
      75
      56
      64
      55
      79
      66
      77
      54
      70
      94
      77
      72
      76
      85
      79
      88
      96
      71
      62
      79
     104
      96
     101
     100
      90
      86
      95
      95
     104
     106
      88
     110
     114
     122
      93
     116
     107
     112
     125
     121
     107
     119
     118
     132
     112
     126
     118
     128
     156
     115
     138
     157
     138
     145
     165
     184
     155
     160
     179
     160
     188
     181
     207
     176
     191
     192
     192
     209
     215
     202
     221
     195
     190
     222
     214
     191
     236
     237
     258
     266
     286
     330
     348
     410
     434
     518
     587
     695
     746
     829
     942
    1125
    1190
    1388
    1472
    1518
    1703
    1775
    1807
    1863
    1893
    1832
    1803
    1638
    1574
    1534
    1343
    1285
    1078
     988
     925
     705
     677
     579
     529
     447
     369
     335
     257
     244
     208
     187
     143
     129
     143
     122
     134
     118
     128
     121
     153
     162
     188
     221
     218
     246
     318
     313
     344
     363
     408
     424
     462
     423
     427
     478
     410
     416
     415
     381
     379
     334
     308
     277
     247
     209
     199
     158
     144
     140
     108
      81
      81
      56
      55
      57
      45
      46
      33
      23
      19
      27
      23
      20
      15
      21
      11
      15
      12
       9
      11
      10
      16
      11
      11
      10
       8
       9
      11
      10
      10
       8
       9
       9
       5
       9
      15
      10
       9
       9
       9
      12
       5
       3
       9
       4
       5
       9
      13
       7
       6
       7
       8
       8
      12
       8
       4
       8
      15
       5
      10
       8
       7
      12
       5
       5
       9
       7
       9
       7
       4
      11
      14
       6
      13
       7
      12
       4
      12
       9
       9
      16
       3
      12
       8
       8
       8
       8
       6
       6
       8
       4
      17
      12
       7
      10
       7
       8
      12
       9
       7
      12
       5
       4
      11
      12
       3
       9
      11
       7
       8
       8
       4
      10
      14
       4
       9
       3
       9
       7
       8
       5
       2
       7
       8
       7
       8
       7
       6
       9
       6
       4
      13
       6
       7
       2
       9
       6
      14
       7
       6
      11
       5
       8
       6
      11
      10
       6
       5
       9
       9
       9
       9
       7
       6
      12
       8
       6
       7
       6
       9
      10
       5
       9
       5
       4
       3
       8
       6
       3
       6
      10
       8
       7
       7
      11
       7
       6
       9
       9
      11
       5
      15
      11
       7
       9
       9
      11
      14
       7
       7
       9
      10
       9
      15
       8
       7
       6
      10
       9
       7
      12
       7
       7
       7
      11
      12
       8
       9
       7
      11
      14
      11
      14
      15
      11
      10
       7
      10
      13
      14
      13
      24
      22
      30
      30
      28
      41
      48
      63
      60
      93
      88
      93
      99
     109
     119
     135
     118
     144
     114
      99
     109
     108
      98
      83
      75
      77
      64
      56
      43
      47
      38
      29
      26
      18
      21
      13
      16
       9
       6
       9
       8
       3
       3
       1
       1
       0
       0
       2
       2
       1
       0
       0
       3
       0
       0
       0
       0
       0
       0
       1
       0
       0
       0
       0
       0
       0
       1
       0
       0
       0
       1
       2
       0
       2
       0
       0
       0
       1
       1
       2
       1
       2
       0
       0
       2
       0
       0
       1
       1
       0
       0
       1
       3
       1
       0
       2
       0
       0
       0
       0
       0
       0
       0
       0
       0
       0
       0
       0
       0
       0
       0
       0
       0
       0
       0
       0
       0
       0
       0
       0
       0
       0
       0
       0
       0
       0
       0
       0
       0
$ROI:
0
$PRESETS:
Live Time
100
0
$ENER_FIT:
0.000000 0.000000
$MCA_CAL:
3
0.000000E+000 0.000000E+000 0.000000E+000 
$SHAPE_CAL:
3
0.000000E+000 0.000000E+000 0.000000E+000
