$SPEC_ID:
No sample description was entered.
$SPEC_REM:
DET# 1
DETDESC# PHY-R11-68 MCB 129
AP# Maestro Version 7.01
$DATE_MEA:
03/01/2019 16:23:50
$MEAS_TIM:
100 106
$DATA:
0 2047
       0
       0
       0
       0
       0
       0
       0
       0
       0
       0
       0
       0
       0
       0
       0
       0
       0
       0
       0
       0
       0
       0
       0
       0
       0
       0
       0
       0
       0
       0
       0
       0
       0
       0
       0
       0
       0
       0
       0
       0
       0
       0
       0
       0
       0
       0
       0
       0
       0
     258
     719
     739
     722
     677
     674
     667
     687
     613
     654
     632
     678
     659
     639
     632
     664
     674
     671
     578
     651
     642
     613
     631
     647
     628
     645
     612
     628
     611
     624
     547
     577
     612
     555
     557
     549
     573
     503
     544
     586
     543
     516
     517
     547
     518
     541
     530
     561
     542
     536
     508
     520
     493
     526
     540
     534
     537
     488
     489
     534
     527
     519
     497
     500
     499
     496
     500
     497
     517
     461
     485
     479
     473
     526
     490
     517
     518
     538
     474
     416
     512
     480
     462
     470
     453
     490
     472
     435
     525
     506
     492
     504
     492
     460
     474
     466
     532
     495
     474
     500
     486
     493
     499
     516
     463
     502
     485
     542
     516
     479
     529
     493
     454
     500
     482
     516
     493
     506
     482
     478
     513
     469
     478
     519
     498
     514
     532
     530
     488
     500
     501
     543
     490
     503
     536
     519
     510
     533
     526
     500
     489
     503
     512
     505
     496
     496
     505
     490
     545
     548
     514
     511
     513
     510
     515
     510
     493
     509
     508
     493
     442
     408
     435
     442
     403
     405
     404
     366
     375
     373
     388
     410
     382
     396
     406
     397
     397
     367
     396
     369
     400
     370
     372
     327
     333
     309
     308
     330
     318
     305
     319
     307
     278
     277
     298
     275
     229
     220
     267
     252
     225
     250
     220
     251
     210
     218
     209
     208
     202
     235
     207
     210
     232
     196
     222
     208
     191
     188
     169
     189
     162
     193
     154
     175
     170
     155
     169
     138
     149
     157
     152
     127
     114
     133
     122
     117
     128
     149
     112
      82
     125
     113
     106
     115
     117
     138
      85
     115
      98
     100
     108
      96
      89
      99
      92
      82
      98
      95
      69
      96
      96
      92
      99
      73
      90
      85
     110
      88
      96
      88
      83
      95
      80
      73
      75
      68
      75
      67
      78
      59
      64
      78
      69
      71
      81
      71
      79
      72
      74
      56
      56
      70
      54
      49
      67
      74
      61
      49
      44
      56
      57
      47
      55
      57
      65
      62
      45
      61
      63
      66
      60
      56
      56
      45
      61
      53
      56
      54
      55
      55
      53
      51
      52
      35
      45
      49
      43
      60
      42
      38
      52
      50
      37
      38
      31
      41
      39
      40
      45
      44
      53
      43
      46
      40
      31
      38
      46
      42
      39
      48
      44
      41
      43
      49
      46
      52
      31
      29
      33
      29
      32
      27
      35
      32
      35
      36
      42
      44
      38
      31
      30
      37
      36
      41
      38
      29
      38
      33
      38
      37
      53
      41
      51
      34
      37
      48
      45
      42
      58
      40
      43
      50
      34
      38
      43
      30
      40
      34
      24
      29
      25
      26
      27
      31
      15
      21
      32
      26
      19
      27
      24
      33
      29
      28
      35
      25
      26
      30
      32
      27
      27
      28
      23
      23
      23
      26
      22
      24
      28
      31
      36
      27
      33
      13
      28
      13
      25
      29
      33
      27
      29
      25
      16
      20
      23
      25
      24
      19
      29
      21
      25
      19
      34
      27
      19
      18
      26
      25
      22
      34
      19
      25
      14
      24
      20
      27
      20
      26
      17
      16
      14
      22
      14
      23
      19
      21
      31
      20
      22
      21
      17
      22
      24
      20
      19
      12
      19
      15
      20
      18
      18
      20
      15
      19
      14
      24
      14
      22
      20
      20
      24
      18
       9
      19
      23
      19
      18
      21
      16
      29
      29
      26
      26
      27
      28
      35
      30
      24
      32
      32
      23
      31
      28
      23
      28
      26
      26
      21
      16
      24
      22
      23
      13
      26
      13
      17
      25
      16
      11
      14
       8
      13
      14
      15
      15
      10
      19
      12
      14
      19
      10
      23
      15
      12
      13
      12
      14
      12
      17
      18
      12
      14
      18
      15
      11
      12
      21
      14
      18
      16
      17
      15
      26
      14
      20
      24
      10
      13
      12
      17
      19
      13
      13
      16
      16
      11
      18
      23
      12
      29
      19
      20
      21
      23
      18
      17
      14
      19
      19
      15
      22
      15
      20
      17
      18
      14
      15
      18
      12
      20
      17
      18
      12
      14
      18
      21
      13
      11
      19
      16
      13
      20
      17
      18
      15
      16
      18
      11
      15
      13
      17
      16
      18
      16
      28
      11
      16
      21
      17
      11
      14
      17
      15
      13
      19
       8
      16
      21
      19
      17
      12
      15
      20
      20
      22
      11
       6
      18
      16
      13
      15
      20
      23
      13
      26
      14
      15
      16
      22
      17
      17
      22
      23
      20
      27
      16
      22
      22
      15
      16
      24
      13
      20
      13
      12
      15
      18
      14
      24
      22
      18
      23
       7
      32
      17
      18
      19
      25
      12
      28
      19
      19
      17
      31
      15
      23
      16
      22
      18
      29
      19
      27
      14
      25
      22
      26
      30
      29
      44
      44
      38
      39
      61
      50
      70
      97
     114
     138
     127
     144
     173
     200
     186
     225
     239
     244
     215
     201
     227
     199
     176
     165
     151
     149
     132
     105
     105
      73
      79
      51
      48
      45
      30
      27
      24
      25
      20
      26
      27
      22
      24
      25
      25
      25
      20
      25
      25
      23
      22
      23
      24
      26
      21
      20
      24
      24
      18
      23
      24
      19
      16
      20
      21
      22
      15
      24
      15
      18
      22
      22
      17
      20
      26
      21
      15
      24
      15
      18
      21
      14
      14
      11
      22
      21
      22
      23
      21
      29
      22
      19
      27
      27
      25
      16
      19
      22
      21
      30
      17
      21
      15
      18
      25
      29
      19
      26
      21
      33
      27
      45
      47
      53
      54
      56
      73
      62
      64
      57
      65
      66
      58
      52
      49
      47
      61
      64
      45
      38
      45
      34
      35
      30
      23
      27
      31
      32
      35
      24
      22
      37
      29
      27
      32
      20
      22
      22
      11
      13
      22
      13
      24
      20
      18
      17
      12
      11
      15
      22
      16
      16
      18
      17
      15
      11
      24
      18
      20
       9
      18
      18
      23
      12
      17
      14
      18
      25
      14
      14
      19
      13
      21
      16
      28
      21
      19
      19
      14
      24
      17
      17
      20
      28
      17
      21
      24
      24
      11
      19
      22
      21
      24
      16
      16
      20
      21
      17
      28
      13
      18
      17
      13
      20
      16
      17
      16
      19
      26
      15
      18
      20
      26
      18
      16
      25
      19
      23
      20
      20
      19
      27
      31
      25
      23
      18
      19
      19
      28
      18
      24
      16
      24
      19
      21
      12
      22
      26
      17
      20
      17
      23
      20
      22
      22
      16
      28
      13
      24
      21
      26
      25
      27
      16
      27
      22
      25
      38
      16
      22
      23
      26
      23
      21
      31
      23
      25
      28
      25
      24
      28
      29
      26
      24
      25
      31
      26
      19
      37
      16
      26
      20
      23
      24
      31
      25
      29
      22
      27
      31
      31
      35
      25
      27
      23
      28
      28
      27
      27
      19
      24
      30
      26
      36
      35
      32
      23
      29
      30
      32
      35
      29
      32
      27
      30
      29
      29
      31
      39
      30
      27
      28
      32
      38
      21
      33
      30
      30
      42
      36
      34
      33
      39
      35
      31
      35
      39
      43
      43
      41
      27
      35
      45
      42
      32
      42
      49
      54
      27
      34
      38
      29
      43
      32
      37
      45
      44
      42
      36
      31
      35
      41
      42
      39
      33
      48
      37
      41
      41
      40
      38
      32
      48
      40
      47
      51
      37
      47
      47
      44
      40
      47
      46
      47
      60
      49
      58
      50
      54
      59
      49
      48
      42
      56
      57
      54
      53
      55
      43
      44
      55
      67
      59
      66
      54
      55
      62
      46
      60
      52
      63
      64
      66
      63
      56
      57
      67
      55
      71
      63
      70
      73
      72
      68
      78
      70
      78
      79
      83
      74
      78
      80
      77
      98
      80
      99
     105
      97
      93
      93
     109
     110
     101
     102
      98
     104
      89
      97
     106
     111
     116
     111
     123
     125
     118
     129
     126
     119
     121
     109
     126
     133
     111
     112
     145
     129
     134
     147
     121
     109
     140
     130
     112
     150
     146
     125
     119
     139
     117
     135
     127
     116
     146
     132
     152
     126
     140
     138
     122
     133
     135
     122
     137
     136
     133
     128
     158
     138
     155
     137
     122
     130
     139
     140
     133
     140
     159
     136
     130
     153
     144
     120
     142
     141
     133
     132
     137
     152
     171
     152
     152
     132
     154
     147
     151
     142
     141
     117
     131
     168
     155
     180
     154
     159
     183
     151
     175
     142
     162
     161
     189
     159
     144
     163
     176
     183
     174
     164
     166
     159
     171
     181
     165
     208
     176
     195
     212
     176
     210
     216
     213
     206
     215
     207
     197
     238
     202
     222
     216
     245
     242
     214
     225
     254
     258
     221
     243
     255
     257
     279
     255
     300
     287
     288
     303
     316
     288
     308
     314
     327
     267
     318
     297
     348
     307
     281
     359
     349
     329
     317
     320
     336
     368
     320
     369
     370
     401
     411
     417
     386
     391
     424
     407
     425
     401
     414
     428
     466
     484
     477
     501
     478
     541
     540
     582
     612
     650
     711
     798
     833
    1008
    1110
    1328
    1495
    1776
    2158
    2390
    2768
    3171
    3499
    3835
    4041
    4422
    4672
    4818
    4889
    4850
    4901
    4707
    4650
    4443
    4159
    3878
    3746
    3640
    3551
    3582
    3633
    3881
    4002
    4395
    4959
    5313
    5810
    6265
    6905
    7251
    7598
    7746
    7843
    7652
    7815
    7428
    6830
    6568
    5978
    5350
    4848
    4159
    3610
    3131
    2594
    2186
    1738
    1435
    1154
     941
     763
     630
     524
     415
     368
     274
     236
     198
     153
     134
     119
     109
     119
      97
      85
      85
      96
     101
      79
      89
      85
      71
      76
      70
      64
      70
      64
      77
      68
      72
      61
      60
      62
      59
      61
      46
      60
      60
      53
      65
      57
      76
      68
      66
      61
      61
      74
      64
      70
      52
      72
      62
      72
      54
      60
      62
      72
      72
      77
      71
      58
      77
      60
      65
      81
      57
      78
      89
      78
      74
      73
      73
      90
      70
      68
      67
      70
      63
      74
      77
      81
      71
      65
      84
      71
      81
      77
     100
      72
      82
      98
      94
      83
      85
      75
      87
      77
      98
      93
      89
      84
      92
     109
      90
     106
     110
     113
     114
     109
     105
      96
      98
     102
     115
     119
     118
     118
     130
     127
     128
     125
     126
     120
     143
     140
     131
     127
     139
     148
     147
     147
     167
     148
     153
     145
     142
     147
     141
     142
     144
     167
     175
     140
     158
     186
     162
     171
     180
     191
     197
     215
     229
     231
     244
     283
     320
     361
     414
     451
     581
     633
     754
     836
    1042
    1126
    1166
    1384
    1516
    1587
    1691
    1740
    1866
    1804
    1934
    1794
    1799
    1670
    1616
    1482
    1422
    1261
    1102
    1035
     934
     781
     650
     591
     497
     457
     366
     314
     271
     267
     193
     161
     158
     136
     120
     120
     135
     116
     136
     136
     141
     165
     168
     205
     242
     250
     312
     317
     362
     358
     397
     413
     420
     444
     488
     440
     419
     444
     427
     421
     351
     345
     325
     285
     277
     228
     204
     173
     168
     138
     104
     114
      79
      65
      57
      50
      44
      44
      27
      31
      23
      25
      19
      15
       6
      12
      19
      16
      15
      10
      13
       9
      10
       7
      10
       5
       9
      13
      10
       7
      13
      15
      15
      11
      10
      14
       7
       9
       7
      14
      10
       6
      16
      10
      11
      11
      11
       5
       5
      12
       5
      11
       8
      11
       8
      14
      10
       7
      10
       8
      15
       6
       6
       7
      11
      10
       8
       4
       5
      10
       9
       6
       8
       6
      10
      10
       6
       7
      12
       4
       9
      14
       8
      12
       7
       7
       5
      11
      10
       6
       4
      12
       9
      15
       9
       7
       9
       4
       4
      10
       6
       7
       7
       6
       5
       5
       8
       4
       8
       7
       7
       8
       7
       6
       4
       6
       2
       6
       6
       7
       9
       6
       6
       8
       7
       6
       8
       6
       3
       2
       9
       5
       8
      10
       9
       6
      11
       9
       9
       9
      10
       4
       8
      10
       6
       8
       6
      11
       7
       6
       2
       5
       7
       8
       8
       4
       5
       8
       4
       7
       7
       8
      10
       7
       9
      10
       5
      10
       7
       7
       8
       5
       5
       9
       7
       4
       6
      10
       5
       7
       4
       7
       7
       5
       3
       8
       5
       8
       7
       8
       5
       8
       8
       5
      11
       4
      12
       5
      10
       8
       5
      10
       3
       9
       5
      11
       7
       6
       7
      11
       5
      11
       3
       4
       4
       6
       3
      17
       9
      11
       5
      16
      22
      26
      20
      23
      27
      35
      52
      62
      72
      72
      83
      99
      97
      94
     136
     102
     123
     125
     131
     103
     111
     111
     123
      99
      79
      77
      64
      72
      49
      44
      40
      30
      33
      19
      15
      13
       6
      10
      12
       8
       4
       6
       5
       4
       2
       1
       1
       1
       1
       1
       0
       1
       0
       2
       0
       0
       0
       0
       1
       1
       1
       1
       1
       1
       0
       1
       0
       1
       0
       0
       1
       0
       2
       1
       1
       0
       0
       0
       0
       0
       0
       1
       2
       1
       1
       0
       0
       1
       0
       1
       1
       0
       0
       0
       0
       0
       0
       0
       0
       0
       0
       0
       0
       0
       0
       0
       0
       0
       0
       0
       0
       0
       0
       0
       0
       0
       0
       0
       0
       0
       0
       0
       0
       0
       0
       0
       0
       0
       0
$ROI:
0
$PRESETS:
Live Time
100
0
$ENER_FIT:
0.000000 0.000000
$MCA_CAL:
3
0.000000E+000 0.000000E+000 0.000000E+000 
$SHAPE_CAL:
3
0.000000E+000 0.000000E+000 0.000000E+000
