$SPEC_ID:
No sample description was entered.
$SPEC_REM:
DET# 1
DETDESC# PHY-R11-68 MCB 129
AP# Maestro Version 7.01
$DATE_MEA:
03/01/2019 16:28:10
$MEAS_TIM:
100 106
$DATA:
0 2047
       0
       0
       0
       0
       0
       0
       0
       0
       0
       0
       0
       0
       0
       0
       0
       0
       0
       0
       0
       0
       0
       0
       0
       0
       0
       0
       0
       0
       0
       0
       0
       0
       0
       0
       0
       0
       0
       0
       0
       0
       0
       0
       0
       0
       0
       0
       0
       0
       0
     277
     682
     695
     746
     701
     695
     731
     670
     697
     680
     659
     653
     600
     663
     618
     667
     647
     640
     630
     650
     604
     657
     632
     636
     647
     645
     564
     609
     596
     566
     583
     554
     628
     577
     557
     612
     547
     578
     580
     545
     580
     520
     528
     585
     537
     567
     529
     522
     559
     542
     518
     513
     517
     522
     531
     482
     507
     507
     510
     490
     517
     530
     476
     487
     457
     524
     456
     444
     506
     484
     500
     506
     465
     449
     531
     492
     492
     510
     483
     464
     474
     509
     512
     498
     493
     508
     489
     464
     482
     493
     471
     458
     470
     467
     510
     509
     457
     479
     516
     492
     542
     521
     490
     486
     474
     488
     532
     504
     479
     490
     502
     500
     488
     478
     476
     530
     496
     478
     513
     527
     492
     475
     517
     510
     476
     499
     530
     500
     527
     486
     496
     552
     534
     520
     516
     490
     477
     509
     523
     460
     456
     506
     504
     502
     545
     547
     511
     491
     545
     531
     525
     504
     514
     533
     509
     522
     490
     498
     485
     453
     450
     412
     421
     423
     397
     385
     376
     379
     372
     377
     386
     380
     395
     397
     412
     406
     404
     382
     381
     400
     367
     363
     346
     402
     359
     289
     360
     340
     299
     307
     273
     297
     291
     275
     295
     261
     276
     251
     226
     225
     232
     259
     197
     225
     245
     222
     198
     216
     210
     186
     214
     204
     184
     213
     222
     201
     207
     185
     181
     198
     158
     179
     174
     179
     189
     159
     154
     161
     162
     134
     134
     171
     128
     149
     106
     118
     118
     136
     112
     111
     107
     117
     114
     120
     116
      98
     107
      97
      94
     100
     100
     106
     102
      93
      94
     101
     105
     105
     107
      87
      73
     108
      98
      80
      78
      95
      87
      96
      84
      71
      72
      64
      75
      78
      94
      85
      81
      84
      83
      62
      78
      75
      80
      71
      85
      68
      72
      83
      68
      72
      68
      61
      68
      61
      71
      63
      63
      79
      80
      59
      84
      59
      70
      43
      65
      62
      49
      58
      58
      60
      57
      43
      54
      51
      55
      44
      55
      44
      48
      62
      52
      35
      56
      61
      62
      41
      38
      36
      59
      40
      45
      47
      41
      56
      45
      43
      36
      45
      43
      55
      36
      42
      45
      41
      39
      42
      44
      31
      40
      31
      34
      46
      48
      43
      44
      48
      27
      51
      37
      46
      40
      38
      32
      37
      29
      28
      30
      40
      45
      30
      33
      42
      29
      24
      26
      28
      42
      37
      36
      44
      41
      34
      46
      50
      49
      41
      45
      48
      40
      46
      41
      38
      43
      50
      46
      38
      34
      34
      40
      30
      28
      27
      29
      39
      28
      29
      27
      30
      34
      44
      20
      34
      25
      34
      27
      25
      34
      36
      26
      21
      25
      25
      20
      21
      25
      24
      26
      22
      25
      27
      30
      28
      29
      31
      45
      20
      40
      32
      25
      31
      31
      20
      21
      32
      30
      19
      19
      17
      15
      34
      21
      20
      22
      26
      22
      21
      22
      16
      18
      24
      21
      33
      29
      22
      16
      13
      23
      18
      19
      19
      21
      22
      17
      26
      23
      27
      27
      26
      24
      25
      14
      19
      19
      16
      15
      12
      15
      19
      21
      15
      12
      13
      24
      15
      18
      21
      10
      26
      18
      16
      22
      25
      17
      24
      22
      18
      13
      17
      27
      23
      17
      23
      26
      31
      29
      20
      34
      29
      42
      45
      23
      24
      24
      31
      21
      33
      16
      18
      24
      14
      17
      13
      20
      26
      18
      14
      10
      16
      15
      20
      11
      26
      11
      14
      15
      13
      10
      20
      17
      22
      13
      14
      20
      10
      21
      19
      20
      23
      16
      17
      22
      16
      14
      12
      19
      20
      10
      14
      14
      11
      15
      21
      17
      19
      12
      14
      18
      15
      17
      18
      24
      18
      17
      17
      21
      11
      22
      12
      14
      20
      13
      16
      22
      17
      15
      12
      16
      11
      25
      16
      11
      14
      11
      10
      20
      11
      13
      12
      15
      13
      14
      20
      14
      14
      14
      28
      14
      11
      12
      15
      15
      17
       9
      16
      12
      16
      21
      17
      13
      13
      23
      15
      17
      11
      11
      14
      18
      16
      22
      14
      17
      16
      26
      20
      12
      26
      14
      15
      12
      22
      12
      27
      16
      19
      17
      20
      16
      19
      23
      15
      18
      20
      22
      17
      13
      20
      22
      19
      15
      10
      21
      20
      15
      20
      23
      16
      13
      23
      15
      21
       9
      24
      15
      18
      22
      20
      25
      14
      20
      23
      21
      20
      22
      10
      24
      21
      22
      23
      27
      12
      17
      26
      26
      21
      19
       9
      23
      19
      23
      21
      19
      22
      22
      26
      20
      27
      30
      37
      32
      34
      53
      60
      54
      61
      79
      77
     100
     124
     136
     166
     137
     185
     193
     219
     191
     211
     228
     238
     198
     197
     183
     160
     174
     130
     139
     108
      95
      88
      56
      41
      45
      34
      33
      23
      29
      25
      21
      22
      19
      18
      22
      22
      21
      20
      10
      21
      25
      18
      24
      23
      15
      25
      19
      30
      24
      23
      25
      29
      15
      28
      22
      19
      21
      17
      24
      13
      17
      21
      19
      17
      11
      21
      16
      19
      14
      30
      23
      19
      25
      14
      24
      34
      25
      22
      26
      19
      20
      21
      25
      26
      25
      22
      22
      24
      12
      19
      20
      21
      28
      19
      21
      12
      19
      26
      24
      30
      26
      27
      30
      38
      42
      42
      58
      56
      66
      58
      55
      58
      54
      71
      60
      77
      50
      56
      39
      44
      39
      36
      30
      25
      42
      24
      32
      24
      29
      30
      20
      23
      27
      28
      37
      34
      25
      19
      19
      26
      23
      15
      17
      19
      21
      21
      22
      21
      18
      16
      19
      24
      14
      22
      18
      11
      27
      14
      11
      29
      13
      15
      19
      15
      22
      17
      21
      19
      23
      17
      12
      24
      24
      11
      18
      21
      19
      16
      21
      27
      22
      19
      11
      17
      17
      24
      24
      15
      19
      23
      18
      26
      25
      20
      19
      15
      19
      14
      16
      25
      18
      22
      21
      13
      12
      26
      22
      23
      21
      15
      23
      16
      16
      10
      12
      23
      26
      20
      19
      18
      21
      10
      25
      17
      17
      23
      18
      14
      17
      21
      20
      16
      15
      19
      27
      23
      19
      16
      18
      26
      20
      28
      23
      31
      21
      16
      16
      26
      22
      17
      14
      19
      35
      20
      18
      16
      13
      23
      18
      19
      26
      26
      28
      28
      24
      36
      23
      25
      14
      17
      25
      31
      26
      29
      23
      23
      25
      20
      19
      23
      30
      20
      24
      23
      15
      22
      26
      31
      21
      30
      34
      33
      22
      24
      33
      24
      25
      30
      31
      25
      24
      28
      39
      29
      28
      24
      38
      37
      36
      30
      40
      37
      32
      33
      30
      39
      33
      34
      35
      36
      27
      45
      27
      29
      36
      37
      29
      31
      41
      42
      35
      32
      37
      27
      34
      29
      46
      39
      32
      38
      40
      38
      31
      39
      35
      33
      41
      40
      43
      33
      33
      40
      39
      26
      43
      36
      41
      33
      48
      42
      43
      38
      47
      38
      43
      51
      35
      40
      37
      31
      42
      35
      54
      43
      50
      45
      48
      50
      43
      46
      38
      48
      50
      50
      50
      52
      52
      48
      50
      55
      52
      43
      57
      40
      53
      56
      68
      50
      69
      66
      49
      50
      49
      55
      64
      70
      50
      58
      54
      70
      60
      65
      53
      85
      60
      61
      58
      54
      64
      58
      61
      52
      75
      71
      71
      64
      70
      85
      94
      86
      77
      76
      80
      75
      90
      84
     103
      85
     105
      90
      89
      84
      85
     102
      95
     101
     103
     114
      95
      88
     113
     104
      84
      96
     105
     134
     109
     109
     104
     100
     119
     128
     115
     130
     124
     129
     132
     127
     132
     150
     126
     142
     116
     121
     125
     137
     122
     130
     145
     128
     124
     128
     130
     130
     113
     135
     134
     130
     137
     134
     127
     151
     148
     136
     133
     127
     126
     133
     129
     126
     122
     145
     139
     140
     148
     142
     146
     125
     136
     154
     128
     156
     143
     145
     131
     160
     147
     156
     164
     123
     118
     143
     149
     138
     130
     135
     154
     151
     154
     148
     157
     142
     152
     145
     136
     151
     152
     158
     139
     171
     153
     147
     174
     159
     150
     139
     168
     167
     166
     170
     157
     157
     176
     169
     167
     178
     187
     176
     195
     185
     190
     201
     179
     202
     200
     218
     230
     203
     203
     235
     212
     261
     227
     230
     219
     211
     237
     228
     248
     245
     225
     268
     272
     265
     292
     271
     267
     293
     289
     295
     325
     309
     305
     336
     288
     348
     309
     303
     343
     359
     343
     339
     317
     351
     360
     393
     356
     389
     351
     373
     389
     419
     387
     371
     419
     458
     443
     424
     466
     458
     475
     422
     471
     483
     533
     543
     588
     576
     661
     674
     783
     863
     945
    1108
    1329
    1530
    1772
    1982
    2324
    2671
    2953
    3370
    3744
    4006
    4321
    4564
    4742
    4865
    4849
    4885
    4757
    4446
    4386
    4097
    3916
    3798
    3668
    3566
    3476
    3552
    3784
    4066
    4367
    4840
    5314
    5887
    6329
    6906
    7182
    7510
    7641
    7925
    7862
    7741
    7574
    6995
    6562
    5983
    5415
    4837
    4216
    3709
    3176
    2699
    2211
    1832
    1597
    1225
    1033
     794
     627
     491
     435
     357
     297
     245
     206
     182
     126
     144
     120
     110
      92
      84
      85
      69
      91
      84
      75
      64
      81
      80
      75
      78
      76
      68
      70
      61
      60
      55
      72
      73
      76
      68
      63
      76
      56
      75
      58
      63
      67
      73
      52
      78
      65
      60
      74
      59
      69
      61
      50
      68
      57
      68
      53
      73
      70
      70
      67
      67
      64
      66
      71
      64
      67
      71
      58
      72
      64
      91
      73
      62
      69
      74
      71
      77
      70
      66
      72
      75
      80
      68
      90
      77
      75
      93
      79
      67
      79
      73
      84
      88
      83
      90
      82
      82
      94
      95
      95
      95
      88
     108
     102
     135
     107
     116
      95
     112
     122
     113
     112
     124
     108
     132
     103
     120
     140
     120
     130
     132
     141
     130
     142
     157
     126
     160
     144
     138
     150
     171
     153
     149
     136
     170
     155
     142
     153
     148
     171
     151
     151
     188
     170
     165
     163
     195
     171
     174
     190
     212
     231
     217
     222
     282
     330
     342
     402
     442
     556
     621
     710
     807
     895
    1128
    1201
    1282
    1473
    1563
    1657
    1783
    1788
    1789
    1954
    1827
    1785
    1756
    1591
    1604
    1372
    1283
    1162
    1023
     924
     724
     688
     587
     482
     446
     395
     339
     316
     234
     189
     169
     139
     146
     119
     129
     109
     100
     138
     141
     144
     145
     194
     214
     215
     238
     283
     295
     321
     367
     414
     426
     457
     423
     434
     471
     482
     425
     431
     401
     386
     352
     303
     303
     253
     222
     209
     176
     150
     138
     109
     110
      87
      73
      64
      67
      53
      43
      33
      29
      28
      24
      21
      21
       9
      12
      15
      17
      15
      13
      18
      12
       5
       9
       8
       8
       5
       8
      15
       6
       8
      11
      12
      10
       8
       8
       7
       6
      11
       6
      12
      11
      10
       6
      13
      12
       5
       7
      11
       7
       5
       9
       6
       7
      13
      14
       7
      20
       8
      11
      12
      12
       4
       8
      13
      11
       9
       8
       8
      13
      10
       5
       6
       8
       5
       6
       4
       5
       7
      10
       7
       5
       3
       8
       5
       6
       7
       3
       7
       8
       6
       8
       8
      12
       9
       6
       9
       3
       4
      10
       9
      12
      12
       6
      10
       5
       8
      11
       5
       5
       9
      11
      14
       6
       6
      10
      11
       6
       8
      11
       9
      12
       7
       6
      11
       8
       6
       7
       7
       6
       3
       6
       9
      10
       5
       9
      10
       6
       6
      11
      10
      12
       7
       9
       8
       7
       6
      10
       9
       5
      16
       5
       8
      10
      15
      11
       7
       6
       5
       3
       6
       4
      11
       8
       4
       5
       5
       8
       2
       3
       9
       4
       6
       5
       2
       3
       7
       7
      14
       5
       9
       7
       4
       8
       6
       5
       7
       5
       9
       5
      10
       7
      12
       5
       8
      11
       4
      10
      11
      11
       7
       6
       4
      10
       8
       8
      10
      14
       6
      11
       9
       7
       4
       7
      14
       5
       3
      13
      14
       5
       7
      13
      14
      20
      27
      29
      33
      46
      60
      59
      74
      84
      69
     106
      99
     106
     134
     104
     127
     123
     114
     126
     136
     114
     104
      87
      90
      88
      73
      70
      49
      56
      37
      21
      23
      32
      23
      14
      16
      12
      10
       1
       7
       1
       4
       2
       5
       2
       0
       3
       3
       4
       1
       0
       0
       0
       1
       1
       0
       1
       1
       1
       0
       2
       0
       2
       0
       0
       0
       1
       1
       1
       3
       0
       1
       0
       1
       1
       1
       2
       0
       0
       0
       0
       0
       0
       0
       1
       1
       1
       1
       2
       1
       2
       0
       0
       1
       0
       0
       0
       0
       0
       0
       0
       0
       0
       0
       0
       0
       0
       0
       0
       0
       0
       0
       0
       0
       0
       0
       0
       0
       0
       0
       0
       0
       0
       0
       0
       0
       0
       0
$ROI:
0
$PRESETS:
Live Time
100
0
$ENER_FIT:
0.000000 0.000000
$MCA_CAL:
3
0.000000E+000 0.000000E+000 0.000000E+000 
$SHAPE_CAL:
3
0.000000E+000 0.000000E+000 0.000000E+000
