$SPEC_ID:
No sample description was entered.
$SPEC_REM:
DET# 1
DETDESC# PHY-R11-68 MCB 129
AP# Maestro Version 7.01
$DATE_MEA:
03/01/2019 15:08:10
$MEAS_TIM:
100 106
$DATA:
0 2047
       0
       0
       0
       0
       0
       0
       0
       0
       0
       0
       0
       0
       0
       0
       0
       0
       0
       0
       0
       0
       0
       0
       0
       0
       0
       0
       0
       0
       0
       0
       0
       0
       0
       0
       0
       0
       0
       0
       0
       0
       0
       0
       0
       0
       0
       0
       0
       0
       0
     222
     731
     715
     669
     660
     633
     704
     694
     669
     689
     622
     717
     659
     653
     615
     640
     643
     621
     690
     615
     593
     655
     608
     652
     602
     620
     603
     578
     561
     572
     568
     587
     556
     543
     561
     584
     591
     583
     569
     577
     595
     567
     522
     548
     490
     528
     539
     528
     545
     494
     517
     500
     534
     501
     510
     499
     496
     552
     477
     502
     522
     505
     520
     515
     497
     501
     506
     528
     480
     502
     477
     468
     496
     468
     502
     460
     525
     474
     508
     450
     499
     433
     513
     529
     524
     466
     502
     475
     474
     503
     490
     472
     445
     478
     466
     535
     497
     482
     506
     468
     488
     515
     481
     482
     493
     470
     480
     487
     479
     474
     462
     491
     498
     480
     474
     486
     486
     495
     565
     531
     476
     526
     512
     520
     490
     494
     531
     560
     495
     486
     492
     510
     520
     554
     514
     507
     557
     504
     512
     552
     496
     513
     520
     521
     525
     502
     522
     530
     527
     508
     512
     534
     522
     517
     489
     537
     496
     511
     498
     501
     422
     464
     401
     437
     437
     424
     430
     341
     402
     376
     385
     407
     395
     390
     393
     406
     388
     396
     392
     409
     380
     380
     390
     336
     321
     318
     329
     303
     321
     342
     308
     280
     307
     294
     277
     275
     255
     228
     236
     217
     242
     213
     238
     226
     257
     206
     187
     230
     210
     209
     223
     214
     191
     199
     197
     207
     171
     204
     169
     196
     196
     188
     167
     173
     174
     160
     135
     146
     167
     157
     138
     124
     131
     123
     125
     118
     114
     125
     123
     120
     112
     114
     106
     133
     104
     107
     111
     101
     111
      95
      91
     106
      96
      97
      89
     111
      78
      88
      94
      92
      94
      87
      73
      98
      86
      76
      87
      77
      84
      74
      71
      77
      76
      78
      71
      77
      78
      77
      63
      82
      72
      68
      66
      66
      77
      62
      74
      68
      78
      53
      62
      72
      63
      71
      65
      64
      64
      75
      68
      60
      62
      60
      58
      56
      65
      41
      47
      50
      65
      46
      48
      52
      49
      50
      53
      56
      49
      58
      50
      50
      55
      47
      50
      49
      47
      53
      41
      50
      38
      47
      54
      47
      50
      34
      40
      41
      41
      48
      42
      41
      38
      40
      39
      29
      38
      43
      43
      26
      38
      39
      36
      36
      43
      39
      29
      42
      36
      32
      35
      37
      34
      33
      52
      38
      33
      40
      36
      39
      30
      27
      34
      37
      35
      37
      42
      28
      33
      35
      41
      37
      36
      39
      55
      42
      54
      56
      44
      47
      52
      50
      49
      51
      51
      35
      28
      32
      43
      24
      33
      41
      32
      24
      26
      33
      30
      36
      21
      28
      30
      28
      31
      28
      30
      26
      20
      29
      22
      31
      30
      28
      23
      25
      26
      23
      28
      29
      23
      28
      32
      22
      35
      41
      31
      31
      24
      29
      23
      31
      30
      28
      25
      31
      20
      31
      20
      19
      20
      16
      28
      20
      21
      11
      22
      21
      31
      17
      23
      17
      31
      19
      26
      19
      22
      23
      17
      16
      21
      27
      24
      12
      10
      24
      20
      28
      27
      21
      21
      16
      17
      22
      18
      15
      19
      20
      24
      17
      17
      15
      17
      16
      16
      17
      19
      21
      31
      26
      17
      19
      12
      21
      20
      16
      20
      15
      15
      20
      25
      19
      30
      24
      21
      16
      33
      26
      26
      34
      35
      31
      29
      24
      36
      45
      23
      32
      22
      20
      19
      25
      16
      18
      29
      17
      11
      16
      14
      14
      18
      18
      19
      18
      13
      13
      20
       8
      21
      11
       9
      21
      10
      10
      15
      10
      14
      17
      11
      16
      12
       8
      11
      18
      10
      13
      11
      12
      13
      18
       9
      12
       9
      16
      11
      13
      15
      20
      14
      11
      19
      15
      15
      15
      15
      18
      14
      12
      20
      19
      21
      10
      23
      13
      25
      14
      20
      13
      19
      27
      20
      15
      17
      15
      17
      18
      23
       9
      16
      22
      14
      15
      21
      12
      21
      19
      15
       8
       6
      16
      12
      12
      20
      18
      19
      12
      15
      17
      17
      14
      17
      18
      14
      21
      18
      15
      16
      17
      10
      12
      17
      20
      17
      18
      15
      21
      20
      11
      17
      17
      14
      12
      16
      21
      14
      23
       9
      19
      21
      15
      16
      19
      17
      13
      11
      11
      15
      15
      20
      15
      18
      26
      26
      20
      23
      12
      16
      23
      20
      14
      12
      17
      14
      16
      17
      18
      20
      19
      19
      18
      26
      27
      25
      20
      27
      20
      18
      11
      21
       7
      18
      15
      15
      10
      22
      19
      12
      19
      22
      13
      18
      15
      25
      11
      17
      24
      21
      28
      32
      21
      47
      32
      32
      41
      40
      59
      73
      91
      96
      97
     119
     129
     141
     171
     176
     187
     218
     200
     221
     201
     220
     176
     209
     193
     158
     167
     142
     134
     108
      98
      77
      59
      52
      45
      49
      36
      38
      28
      28
      22
      29
      17
      24
      28
      30
      16
      25
      19
      13
      20
      20
      26
      24
      18
      14
      28
      15
      17
      23
      21
      22
      21
      21
      13
      19
      24
      16
      19
      17
      16
      19
      15
      22
      18
      12
      11
      20
      20
      13
      20
      20
      14
      18
      21
      17
      18
      20
      21
      17
      16
      19
      21
      14
      20
      15
      16
      17
      22
      18
      21
      13
      18
      26
      12
      20
      20
      21
      18
      26
      24
      35
      34
      37
      52
      35
      55
      53
      66
      42
      73
      71
      69
      51
      36
      60
      45
      37
      42
      42
      50
      37
      39
      31
      27
      26
      29
      30
      31
      34
      23
      19
      27
      23
      28
      21
      23
      32
      16
      27
      19
      20
      15
      20
      18
      21
      29
      18
      16
      20
      21
      17
      13
       9
      14
      22
      22
      21
      21
      17
      16
      16
      16
      24
      17
      11
      22
      14
      14
      27
      16
      14
      13
      20
      13
       9
      17
      16
      10
      15
       6
      15
      15
      17
      17
      17
      11
      15
      17
      19
      19
      19
      18
      20
      16
      15
      22
      17
      15
      12
      16
      11
      14
      19
      22
      14
      24
      22
      13
      13
      10
      22
      14
      17
      23
      20
      22
      25
      16
      19
      18
      23
      20
      14
      10
      12
      27
       9
      15
      20
      23
      16
      20
      20
      18
      16
      16
      25
      16
      13
      10
      16
      28
      19
      17
      21
      17
      19
      12
      19
      22
      23
      19
      21
      17
      13
      17
      15
      18
      18
      16
      17
      19
      19
      15
      24
      23
      25
      18
      22
      22
      25
      26
      18
      22
      23
      24
      22
      24
      28
      24
      19
      16
      22
      24
      21
      27
      26
      23
      23
      23
      19
      20
      22
      22
      26
      14
      15
      20
      28
      25
      20
      29
      16
      23
      21
      22
      30
      27
      17
      27
      28
      21
      25
      24
      28
      31
      20
      22
      32
      27
      26
      32
      26
      23
      20
      17
      26
      29
      25
      30
      30
      15
      29
      25
      31
      27
      23
      20
      28
      40
      24
      32
      29
      41
      39
      41
      33
      35
      30
      31
      40
      28
      24
      28
      23
      30
      28
      36
      31
      36
      30
      32
      32
      25
      20
      41
      25
      24
      28
      33
      36
      24
      29
      41
      27
      31
      39
      58
      28
      37
      35
      33
      30
      40
      31
      40
      37
      52
      41
      33
      43
      49
      35
      38
      38
      46
      32
      36
      56
      47
      52
      37
      52
      46
      44
      50
      66
      41
      46
      63
      56
      41
      39
      44
      42
      61
      50
      56
      55
      51
      48
      46
      51
      59
      69
      66
      67
      71
      77
      65
      72
      75
      76
      68
      61
      62
      71
      79
      77
      86
      90
      83
      70
      82
      83
      88
      89
     100
      94
      96
     102
     106
      86
      91
      99
      99
     104
      88
      96
     105
     113
     113
      96
     138
     102
     110
      97
     110
     112
     103
     110
     116
     128
     109
     122
     115
     112
     125
     109
     109
     116
     114
     118
     133
     125
     112
     122
     125
     115
     126
     108
     126
     113
     132
     113
     120
     116
     126
     116
     107
     113
     130
     122
     132
     105
     110
     154
     131
     116
     134
     124
     127
     121
     129
     143
     136
     139
     110
     143
     135
     143
     147
     148
     145
     150
     150
     156
     151
     137
     157
     149
     132
     160
     150
     146
     138
     138
     160
     150
     157
     152
     153
     166
     162
     160
     161
     171
     156
     155
     177
     180
     162
     162
     150
     185
     174
     184
     159
     171
     181
     183
     157
     171
     174
     192
     198
     218
     200
     200
     216
     222
     194
     227
     204
     219
     265
     219
     229
     225
     245
     237
     264
     230
     287
     248
     278
     283
     262
     288
     287
     292
     296
     304
     327
     328
     331
     362
     368
     392
     376
     349
     353
     346
     371
     370
     395
     404
     425
     440
     442
     418
     466
     469
     482
     455
     513
     529
     478
     486
     543
     545
     579
     568
     574
     609
     661
     622
     730
     855
     886
     959
    1174
    1318
    1457
    1686
    1996
    2298
    2576
    2939
    3237
    3743
    4012
    4252
    4587
    4574
    4824
    4853
    4977
    4805
    4729
    4486
    4252
    4005
    4011
    3762
    3733
    3660
    3601
    3801
    3982
    4338
    4833
    5171
    5736
    6209
    6759
    7197
    7316
    7658
    7620
    7821
    7632
    7404
    7262
    6739
    6079
    5782
    5166
    4510
    3954
    3328
    3029
    2350
    2069
    1701
    1362
    1173
     998
     798
     616
     450
     401
     328
     280
     223
     187
     157
     174
     128
     114
     117
     103
     101
     108
      74
      82
      85
      78
      79
      78
      62
      78
      63
      68
      50
      63
      67
      58
      63
      77
      68
      73
      61
      70
      65
      63
      59
      65
      55
      75
      80
      75
      67
      56
      68
      64
      68
      65
      49
      76
      56
      55
      62
      56
      67
      69
      67
      60
      72
      74
      62
      51
      64
      71
      57
      62
      74
      70
      66
      61
      71
      68
      78
      77
      74
      68
      74
      71
      77
      56
      89
      77
      73
      79
      91
      72
      76
      66
      77
      82
      98
      90
     105
     102
      91
     110
      92
     100
      94
     104
     105
      97
     107
     101
      97
     100
     114
     109
     131
     144
     113
     119
     142
     120
     123
     140
     150
     131
     137
     139
     151
     146
     135
     156
     157
     154
     144
     150
     152
     165
     146
     157
     187
     170
     165
     163
     165
     162
     196
     165
     165
     182
     177
     180
     208
     178
     205
     214
     224
     243
     220
     279
     307
     370
     442
     480
     551
     632
     693
     874
     976
    1078
    1112
    1393
    1464
    1541
    1641
    1748
    1812
    1806
    1865
    1808
    1701
    1673
    1659
    1526
    1387
    1364
    1184
    1053
     956
     926
     740
     653
     584
     480
     403
     353
     293
     271
     237
     171
     185
     158
     145
     135
     130
     144
     126
     131
     134
     158
     171
     190
     228
     237
     260
     294
     351
     361
     400
     373
     451
     456
     436
     459
     439
     443
     430
     373
     385
     351
     346
     262
     261
     233
     224
     205
     146
     180
     137
     127
      66
      75
      65
      59
      41
      51
      41
      24
      25
      22
      25
      26
      17
      18
      11
       7
       7
      13
      14
      12
       8
       8
       8
      13
      12
      12
      11
       9
      12
      13
       4
       8
       3
      15
      12
      14
      12
       9
       7
       5
      12
      13
       5
      13
       9
       6
       4
      14
      14
       7
      12
       5
      10
       6
      12
       3
       5
       6
       9
       9
       9
       4
      14
       6
       5
       4
      10
       9
       7
       9
      10
       7
      12
       8
       8
       6
       3
       6
       8
       7
       4
       3
      11
       6
      10
      10
      10
       6
      10
       4
       8
       8
      12
       6
       7
       6
      10
       7
       9
       5
       9
       6
       6
       7
       4
       7
       5
       6
       7
       8
       9
       9
       8
      14
      10
      11
       6
       6
       9
       6
       7
      10
       6
      11
       6
      10
      11
       7
       5
       7
       6
      10
      11
       6
      10
       8
       8
       9
       9
      10
      10
       5
       2
      11
       7
       6
       7
       6
       5
       8
       6
       7
      10
      12
       8
       6
       6
       9
       3
      10
      14
       7
       9
       8
       5
       6
       6
       7
       5
       9
       8
      10
       9
       4
       7
      10
       6
      13
       7
       8
       6
      10
      10
       8
      12
       6
       8
       9
      11
      12
      10
       9
       7
       5
       8
       4
       5
       5
       6
       6
      12
       9
       4
       7
       6
       9
      11
      11
       4
       6
       6
       7
      11
       7
      13
       9
      14
      10
      15
      14
      23
      15
      33
      24
      35
      51
      53
      54
      59
      67
      99
      88
      95
     119
     115
     120
     130
     120
     127
     119
     112
     118
     119
      95
      87
      71
      82
      57
      51
      34
      48
      38
      39
      22
      19
      12
      11
      10
      12
       5
       4
       7
       2
       1
       1
       1
       0
       0
       1
       0
       1
       0
       1
       0
       2
       0
       0
       0
       1
       1
       1
       0
       1
       0
       2
       1
       1
       1
       0
       1
       0
       1
       0
       2
       1
       0
       0
       0
       0
       1
       0
       0
       0
       1
       0
       1
       0
       1
       0
       0
       0
       0
       1
       1
       2
       2
       0
       2
       1
       0
       0
       0
       0
       0
       0
       0
       0
       0
       0
       0
       0
       0
       0
       0
       0
       0
       0
       0
       0
       0
       0
       0
       0
       0
       0
       0
       0
       0
       0
       0
       0
$ROI:
0
$PRESETS:
Live Time
100
0
$ENER_FIT:
0.000000 0.000000
$MCA_CAL:
3
0.000000E+000 0.000000E+000 0.000000E+000 
$SHAPE_CAL:
3
0.000000E+000 0.000000E+000 0.000000E+000
