$SPEC_ID:
No sample description was entered.
$SPEC_REM:
DET# 1
DETDESC# PHY-R11-68 MCB 129
AP# Maestro Version 7.01
$DATE_MEA:
03/01/2019 16:31:54
$MEAS_TIM:
100 106
$DATA:
0 2047
       0
       0
       0
       0
       0
       0
       0
       0
       0
       0
       0
       0
       0
       0
       0
       0
       0
       0
       0
       0
       0
       0
       0
       0
       0
       0
       0
       0
       0
       0
       0
       0
       0
       0
       0
       0
       0
       0
       0
       0
       0
       0
       0
       0
       0
       0
       0
       0
       0
     258
     687
     702
     665
     737
     746
     671
     741
     638
     657
     708
     638
     664
     699
     701
     687
     654
     640
     606
     645
     653
     620
     618
     625
     619
     617
     584
     617
     633
     592
     565
     611
     565
     528
     606
     551
     532
     581
     564
     545
     555
     542
     533
     592
     562
     546
     534
     544
     567
     517
     546
     479
     500
     468
     493
     524
     510
     507
     539
     531
     481
     502
     529
     513
     481
     471
     452
     527
     513
     485
     462
     508
     452
     520
     521
     486
     491
     495
     524
     472
     464
     458
     475
     455
     464
     510
     475
     493
     486
     505
     497
     486
     470
     453
     516
     467
     495
     503
     492
     482
     483
     525
     519
     517
     506
     519
     502
     509
     512
     539
     492
     458
     445
     482
     507
     491
     479
     513
     491
     474
     521
     508
     497
     532
     516
     549
     527
     552
     529
     482
     464
     499
     487
     486
     488
     471
     505
     537
     551
     496
     466
     519
     504
     513
     522
     532
     517
     509
     496
     502
     516
     538
     516
     536
     518
     477
     513
     484
     470
     481
     464
     410
     413
     394
     419
     400
     384
     381
     392
     362
     391
     423
     409
     407
     364
     400
     384
     391
     423
     412
     368
     373
     395
     349
     325
     365
     358
     322
     301
     295
     338
     290
     313
     290
     281
     302
     230
     273
     255
     222
     234
     247
     245
     196
     215
     215
     222
     200
     202
     218
     199
     210
     218
     220
     218
     230
     186
     185
     201
     195
     203
     174
     178
     185
     172
     166
     163
     162
     154
     155
     152
     164
     160
     140
     144
     114
     122
     125
     107
     107
     107
     124
     120
     111
     127
     114
      91
     107
      98
      85
     103
      96
      86
      98
      95
     100
      99
      98
      99
      92
      85
      85
      91
      93
      79
      98
      78
      68
      83
      79
      88
      76
      77
      68
      80
      72
      62
      76
      62
      75
      59
      75
      71
      71
      81
      79
      65
      66
      49
      69
      74
      64
      64
      66
      64
      65
      54
      58
      57
      69
      56
      59
      70
      69
      68
      54
      61
      63
      63
      56
      51
      52
      57
      51
      44
      44
      51
      48
      39
      41
      59
      45
      55
      46
      42
      48
      45
      42
      45
      42
      52
      43
      41
      43
      47
      39
      54
      39
      54
      48
      39
      39
      51
      39
      30
      37
      34
      40
      45
      46
      45
      30
      35
      34
      24
      41
      40
      41
      36
      37
      36
      40
      23
      30
      40
      29
      35
      31
      46
      37
      29
      35
      31
      39
      39
      36
      42
      41
      31
      45
      49
      56
      41
      45
      48
      40
      50
      44
      59
      50
      57
      48
      42
      32
      40
      33
      32
      37
      31
      33
      29
      19
      28
      39
      30
      28
      23
      36
      18
      31
      21
      31
      24
      25
      35
      30
      33
      30
      25
      23
      26
      21
      21
      25
      27
      18
      28
      23
      30
      31
      21
      38
      29
      20
      42
      23
      34
      27
      24
      28
      31
      19
      23
      23
      24
      26
      34
      30
      18
      22
      27
      30
      27
      26
      27
      23
      18
      16
      26
      22
      22
      21
      23
      23
      16
      29
      25
      32
      20
      22
      16
      26
      29
      25
      15
      22
      22
      14
      11
      18
      16
      29
      19
      15
      24
      14
      32
      28
      16
      14
      14
      27
      15
      17
      17
      15
      19
      11
      13
      22
      24
      18
      33
      15
      22
      19
      15
      22
      18
      24
      15
      24
      20
      29
      20
      40
      18
      30
      38
      30
      31
      21
      35
      28
      33
      28
      23
      23
      19
      18
      28
      14
      19
      20
      18
      15
      12
      12
      18
      17
      20
      26
       9
      12
      15
      17
      16
      12
      24
      18
      18
      11
      27
      19
      21
      20
      14
      15
      15
      13
      15
      19
      11
      16
      13
      22
      18
      10
      15
      12
      11
      20
      16
      14
      18
      16
      18
      18
      20
      12
      26
      18
      19
      13
      24
      25
      16
      22
      14
      21
      19
      21
      21
      19
      21
      19
      16
      14
      23
      16
      11
      20
      19
      18
      15
      10
      16
      13
      19
      17
      12
      13
      22
      13
      21
      14
      18
      15
       6
      20
      17
      20
      22
      11
      10
      18
      16
      11
      14
      16
      21
      18
      22
      12
      17
      20
      15
      17
      19
      18
      12
      17
      21
      11
      16
      16
      17
      14
      13
      16
      15
      14
      17
      19
      21
      15
      12
      13
      24
      14
      25
      18
      23
      21
      11
      25
      15
      18
      18
      20
      25
      14
      26
      20
      20
      23
      19
      15
      20
      26
      24
      13
      15
      24
      18
      19
      21
      11
      14
      20
      22
      21
      17
      12
      28
      11
      16
      19
      23
      17
      18
      22
      15
      32
      15
      26
      14
      25
      24
      19
      20
      19
      23
      28
      26
      30
      33
      23
      30
      29
      56
      44
      70
      73
     101
      92
      99
     131
     138
     153
     164
     196
     187
     211
     209
     222
     242
     219
     197
     219
     195
     207
     176
     152
     125
      89
      96
      68
      81
      45
      51
      35
      37
      46
      26
      28
      27
      21
      27
      23
      19
      29
      21
      21
      17
      20
      33
      23
      10
      16
      27
      31
      23
      28
      24
      29
      14
      19
      22
      21
      21
      23
      15
      21
      21
      19
      15
      16
      19
      17
      32
      26
      20
      18
      23
      22
      22
      12
      29
      18
      29
      20
      25
      27
      14
      23
      22
      26
      18
      27
      37
      25
      24
      24
      23
      22
      25
      23
      21
      21
      24
      20
      24
      24
      24
      31
      23
      38
      31
      38
      48
      47
      60
      71
      67
      62
      82
      60
      71
      59
      53
      44
      57
      47
      47
      33
      48
      40
      44
      38
      30
      32
      27
      34
      23
      33
      29
      26
      35
      28
      23
      26
      30
      24
      23
      21
      19
      26
      21
      23
      20
      12
      22
      21
      17
      23
      17
      18
      16
      18
      19
      15
      14
      17
      19
      15
      18
      12
      16
      27
      13
      14
      20
      22
      20
      16
      18
      29
      23
      20
      27
      25
      24
      23
      21
      12
      18
      11
      19
      14
      13
      23
      23
      14
      24
      16
      19
      24
      19
      18
      24
      20
      17
      20
      20
      29
      29
      22
      20
      21
      15
      16
      26
      17
      21
      29
      29
      14
      23
      18
      19
      26
      21
      16
      17
      24
      21
      20
      21
      22
      22
      21
      20
      24
      21
      24
      23
      24
      20
      30
      29
      30
      22
      25
      26
      30
      24
      20
      18
      27
      27
      23
      27
      22
      34
      21
      12
      25
      35
      18
      21
      17
      28
      27
      18
      31
      26
      23
      29
      25
      16
      19
      18
      23
      33
      23
      21
      28
      20
      36
      29
      28
      30
      21
      32
      29
      27
      16
      24
      33
      25
      39
      25
      32
      23
      35
      37
      24
      37
      22
      34
      27
      24
      25
      30
      30
      24
      29
      32
      29
      34
      35
      32
      28
      32
      33
      34
      39
      32
      29
      34
      32
      35
      26
      28
      31
      41
      30
      35
      33
      33
      37
      27
      38
      34
      34
      43
      39
      35
      38
      31
      31
      33
      37
      42
      39
      39
      24
      30
      35
      46
      33
      41
      31
      30
      37
      42
      40
      39
      47
      50
      36
      49
      30
      36
      42
      43
      36
      45
      41
      43
      45
      43
      43
      35
      53
      39
      59
      42
      41
      53
      53
      48
      42
      47
      42
      51
      72
      49
      47
      40
      63
      51
      51
      53
      50
      66
      59
      52
      49
      63
      46
      60
      53
      58
      54
      55
      60
      49
      55
      53
      55
      59
      59
      58
      60
      57
      55
      61
      66
      57
      64
      55
      76
      56
      52
      69
      59
      74
      64
      77
      77
      81
      70
      70
      92
      73
      70
      75
      85
      91
      81
      94
      89
      74
      93
      86
     100
     105
      99
      90
      88
     112
     111
     109
     116
     100
     102
     108
      86
     113
     114
     119
     116
     125
     111
     129
     123
     127
     118
     111
     123
     123
     118
     115
     119
     117
     114
     119
     146
     141
     103
     125
     122
     107
     136
     125
     130
     131
     134
     120
     144
     150
     125
     133
     117
     101
     139
     123
     137
     134
     113
     128
     137
     125
     155
     136
     131
     165
     134
     116
     140
     137
     140
     139
     115
     114
     152
     140
     133
     105
     147
     147
     157
     127
     141
     134
     130
     144
     138
     133
     141
     124
     171
     140
     138
     118
     147
     126
     138
     172
     151
     170
     155
     162
     151
     163
     160
     146
     157
     144
     149
     165
     160
     145
     181
     179
     159
     137
     176
     181
     166
     180
     205
     179
     203
     184
     170
     202
     191
     176
     207
     207
     204
     217
     211
     209
     232
     235
     225
     243
     213
     244
     265
     229
     227
     253
     255
     250
     264
     266
     287
     290
     318
     293
     262
     270
     299
     280
     319
     318
     303
     327
     302
     332
     304
     341
     340
     349
     317
     324
     357
     363
     406
     389
     407
     388
     396
     418
     404
     408
     435
     445
     422
     443
     452
     431
     459
     518
     514
     489
     537
     576
     585
     591
     711
     753
     872
     932
    1081
    1295
    1468
    1834
    2015
    2295
    2681
    3133
    3416
    3744
    3941
    4386
    4636
    4749
    5007
    4848
    4912
    4875
    4592
    4394
    4169
    3986
    3761
    3596
    3677
    3568
    3615
    3902
    4034
    4499
    4818
    5280
    5855
    6286
    6838
    7072
    7610
    7797
    7918
    7864
    7750
    7349
    7129
    6537
    6075
    5581
    4962
    4286
    3691
    3215
    2705
    2333
    1899
    1563
    1288
    1079
     875
     730
     545
     437
     420
     350
     264
     222
     190
     153
     159
     114
      82
      98
      85
     119
     108
      84
      76
      91
      75
      85
      66
      65
      79
      85
      67
      76
      57
      77
      59
      60
      77
      72
      73
      67
      66
      78
      75
      77
      57
      60
      74
      60
      58
      69
      72
      66
      70
      58
      56
      71
      76
      61
      54
      70
      57
      64
      63
      58
      57
      64
      65
      71
      70
      83
      65
      68
      66
      57
      68
      72
      72
      61
      65
      72
      81
      82
      81
      68
      66
      77
      71
      86
      84
      65
      86
      82
      64
      81
      79
      93
      78
      89
      81
      77
      83
      82
      94
      86
     104
      90
     101
     106
      91
     105
     116
      96
     104
     103
      89
     122
     118
     109
     137
     103
     104
     127
     118
     116
     147
     149
     122
     138
     113
     129
     134
     154
     147
     126
     131
     128
     128
     154
     154
     156
     157
     142
     152
     150
     170
     175
     157
     151
     181
     198
     161
     168
     172
     191
     213
     220
     229
     263
     317
     320
     371
     400
     468
     560
     646
     681
     782
     919
    1073
    1227
    1269
    1429
    1497
    1570
    1707
    1822
    1810
    1839
    1843
    1762
    1680
    1703
    1622
    1362
    1285
    1218
     973
     909
     853
     682
     644
     554
     477
     387
     358
     295
     245
     214
     192
     189
     155
     130
     123
     132
     124
     134
     129
     127
     155
     187
     205
     212
     264
     280
     315
     345
     384
     384
     382
     417
     446
     468
     450
     443
     468
     429
     438
     400
     343
     306
     292
     273
     236
     195
     198
     161
     135
     106
     110
     103
      72
      65
      55
      46
      44
      37
      35
      26
      22
      33
      22
      13
      19
      12
      15
      11
      18
       8
      11
      10
       6
      11
      11
      16
      13
      12
      12
      13
      11
      13
       6
       6
       8
       9
      12
      10
      11
      12
      15
       3
      16
       9
       5
       8
       9
       5
       8
      10
      10
      15
       8
       6
       4
       6
      10
       8
      10
       7
      12
       8
       8
       7
       4
       7
      10
       6
      11
       7
       8
       6
       8
      10
       5
       9
       5
       9
      10
       9
       6
       7
       9
       9
       9
       5
       5
       6
       5
      11
      10
       7
      11
       9
       9
       3
       6
      10
       7
      14
       9
       8
       8
       7
       6
      10
       5
       8
       7
      13
       9
       4
       6
       9
       7
       9
       5
       6
       8
       6
       9
       4
      12
       6
       9
       7
       6
       8
       4
      10
       5
       7
       7
       4
      13
       6
       9
      10
       5
       5
       6
       6
       6
       8
       5
       8
      10
       2
       9
       8
       2
       6
       5
       4
       6
      11
      12
      12
       7
       6
       5
       4
       8
       7
       9
       9
       8
       4
       6
       5
       9
       8
       9
       3
       9
      11
       7
       5
       4
      11
       7
       5
       5
      10
      10
       8
       7
       7
       6
       8
       5
       7
       3
       3
      10
       6
       5
       7
       2
      12
       8
       7
       7
      13
       9
       7
       2
       8
       7
       9
      11
       8
       6
      10
       9
       5
       7
       6
      12
      14
      22
      19
      23
      24
      35
      32
      36
      56
      65
      71
      69
      74
      82
      98
     112
     110
     118
     137
     128
     133
     120
     116
     120
     113
     109
     100
      88
      91
      72
      60
      36
      40
      36
      23
      25
      26
      17
      17
      10
       7
       3
       8
       6
       3
       1
       4
       5
       6
       2
       2
       2
       0
       0
       1
       0
       0
       1
       1
       1
       0
       0
       0
       0
       0
       0
       2
       2
       1
       0
       1
       1
       0
       1
       0
       0
       1
       0
       1
       1
       0
       0
       0
       0
       1
       3
       1
       1
       0
       1
       1
       1
       0
       0
       0
       0
       0
       0
       2
       0
       0
       0
       0
       0
       0
       0
       0
       0
       0
       0
       0
       0
       0
       0
       0
       0
       0
       0
       0
       0
       0
       0
       0
       0
       0
       0
       0
       0
       0
       0
       0
$ROI:
0
$PRESETS:
Live Time
100
0
$ENER_FIT:
0.000000 0.000000
$MCA_CAL:
3
0.000000E+000 0.000000E+000 0.000000E+000 
$SHAPE_CAL:
3
0.000000E+000 0.000000E+000 0.000000E+000
