$SPEC_ID:
No sample description was entered.
$SPEC_REM:
DET# 1
DETDESC# PHY-R11-68 MCB 129
AP# Maestro Version 7.01
$DATE_MEA:
03/01/2019 16:34:49
$MEAS_TIM:
100 106
$DATA:
0 2047
       0
       0
       0
       0
       0
       0
       0
       0
       0
       0
       0
       0
       0
       0
       0
       0
       0
       0
       0
       0
       0
       0
       0
       0
       0
       0
       0
       0
       0
       0
       0
       0
       0
       0
       0
       0
       0
       0
       0
       0
       0
       0
       0
       0
       0
       0
       0
       0
       0
     258
     705
     665
     679
     695
     675
     652
     684
     696
     654
     628
     696
     631
     668
     640
     675
     691
     639
     614
     647
     582
     627
     604
     622
     591
     585
     580
     596
     581
     589
     566
     567
     610
     538
     547
     580
     589
     555
     575
     548
     575
     535
     543
     546
     550
     499
     532
     532
     528
     502
     538
     477
     487
     516
     500
     477
     528
     518
     505
     546
     517
     452
     512
     475
     525
     495
     505
     536
     508
     478
     462
     522
     474
     453
     524
     473
     527
     462
     492
     469
     453
     500
     475
     530
     517
     470
     420
     500
     447
     489
     488
     505
     503
     476
     454
     485
     491
     476
     477
     448
     500
     481
     458
     483
     479
     477
     487
     435
     502
     481
     474
     508
     519
     494
     505
     514
     500
     497
     513
     484
     508
     496
     512
     519
     471
     536
     519
     504
     520
     522
     490
     531
     493
     533
     523
     530
     521
     507
     486
     503
     533
     488
     512
     496
     477
     509
     499
     531
     546
     483
     479
     527
     536
     532
     504
     503
     524
     489
     486
     449
     458
     457
     396
     418
     391
     409
     388
     386
     381
     357
     366
     369
     345
     382
     411
     398
     397
     421
     392
     395
     381
     390
     397
     345
     372
     351
     336
     343
     323
     323
     265
     304
     287
     297
     273
     225
     276
     234
     255
     230
     250
     243
     217
     217
     231
     212
     224
     219
     166
     190
     208
     205
     203
     223
     212
     187
     180
     193
     185
     167
     157
     163
     197
     185
     151
     185
     160
     157
     147
     146
     149
     140
     125
     141
     147
     120
     121
     123
     123
     128
     118
     112
     126
     104
     106
     104
     106
     113
     101
     109
     111
     110
      97
      96
     116
      91
      86
      91
      86
      94
      91
      88
      97
      88
      77
      80
      87
      84
      74
      70
      83
      83
      93
      89
      93
      86
      71
      81
      55
      62
      83
      81
      76
      84
      66
      74
      59
      59
      56
      69
      66
      76
      74
      72
      67
      66
      59
      62
      84
      58
      61
      79
      48
      67
      48
      62
      55
      50
      61
      55
      64
      56
      48
      56
      53
      44
      65
      49
      52
      59
      55
      47
      59
      58
      54
      43
      42
      46
      45
      51
      48
      34
      44
      45
      30
      42
      40
      37
      34
      28
      34
      44
      27
      47
      43
      41
      44
      42
      38
      41
      44
      46
      52
      38
      38
      35
      42
      33
      26
      37
      37
      23
      39
      46
      37
      34
      38
      37
      42
      30
      33
      42
      35
      32
      35
      20
      31
      45
      40
      51
      44
      39
      36
      51
      53
      52
      54
      31
      48
      36
      53
      44
      39
      32
      35
      35
      37
      32
      41
      27
      30
      22
      28
      26
      34
      30
      35
      32
      38
      24
      26
      31
      26
      19
      15
      33
      20
      25
      30
      14
      22
      26
      32
      33
      13
      27
      15
      31
      37
      36
      30
      32
      24
      26
      28
      30
      22
      32
      25
      32
      33
      28
      28
      35
      30
      23
      30
      29
      22
      20
      20
      19
      25
      19
      13
      22
      19
      27
      21
      17
      17
      23
      26
      21
      16
      22
      24
      22
      21
      23
      23
      16
      13
      26
      13
      24
      15
      21
      24
      15
      20
      14
      21
      26
      26
      21
      17
      13
      21
      15
      21
      20
      19
      18
      23
      22
      21
      12
      12
      21
      21
      28
      22
      22
      14
      17
      22
      18
      34
      29
      28
      15
      23
      21
      28
      31
      32
      38
      33
      29
      33
      33
      38
      23
      26
      30
      25
      27
      20
      14
      21
      19
       9
      13
      11
      23
      16
      18
      18
      17
      16
      26
      21
      23
      17
      22
      15
      22
      10
      16
      26
       9
      15
      10
      13
      16
      12
      14
      21
      14
      18
      12
      20
      21
      15
      21
      11
      17
      12
      11
      18
      15
      17
      15
      17
      16
      19
      14
      22
      13
      17
      20
      16
      19
      20
      10
      23
      17
      26
      18
      18
      19
      14
      20
      16
      19
      14
      12
      12
      11
      23
      21
      17
      17
      19
      20
       9
      19
      26
      15
      21
      16
      14
      14
      10
       7
      18
      15
      19
      20
      15
      11
      12
      13
      12
      11
      16
      17
      11
      20
      15
      15
      18
      16
      20
      33
      22
      20
      15
      18
      20
      15
      17
      16
      12
      17
      22
      15
      16
      14
      17
      18
      16
      18
      23
      21
      19
      22
      25
      10
      18
      26
      12
      21
      22
      19
      19
      19
      19
      24
      10
      17
      24
      15
      24
      15
      17
      20
      27
      20
      17
      18
      25
      17
      18
      23
      14
      20
      16
      21
      21
      22
      19
      24
      23
      14
      26
      23
      19
      20
      15
      21
      12
      18
      18
      15
      23
      13
      29
      21
      25
      18
      28
      27
      25
      24
      31
      28
      34
      43
      40
      63
      57
      57
      83
      84
     104
     106
     142
     162
     149
     190
     184
     237
     220
     207
     225
     208
     201
     192
     185
     192
     168
     140
     114
     110
      94
      64
      69
      66
      35
      49
      34
      29
      25
      38
      30
      21
      23
      18
      19
      25
      22
      23
      20
      22
      17
      24
      32
      29
      34
      20
      31
      31
      23
      25
      20
      22
      24
      26
      25
      28
      33
      20
      18
      22
      23
      13
      15
      19
      22
       9
      21
      10
      20
      26
      17
      21
      22
      20
      27
      23
      32
      27
      22
      27
      29
      23
      17
      20
      23
      18
      25
      33
      23
      17
      19
      28
      19
      24
      11
      24
      22
      22
      26
      37
      34
      26
      31
      40
      50
      45
      54
      54
      58
      69
      59
      56
      67
      58
      67
      78
      49
      45
      32
      45
      36
      37
      40
      44
      48
      31
      28
      31
      33
      30
      23
      33
      29
      33
      27
      26
      22
      27
      21
      22
      25
      20
      21
      24
      22
      20
      22
      19
      20
      18
      23
      27
      21
      15
      21
      18
      16
      33
      22
      28
      23
      17
      19
      25
      21
      18
      20
      19
      23
      15
      24
      18
      17
      16
      22
      25
      20
      21
      21
      22
      12
      14
      17
      23
      24
      14
      17
      15
      21
      21
      19
      21
      24
      14
      28
      22
      18
      17
      29
      32
      27
      20
      28
      27
      21
      25
      19
      25
      24
      19
      22
      22
      21
      13
      19
      14
      16
      24
      24
      21
      19
      16
      14
      26
      26
      28
      30
      27
      19
      26
      22
      16
      23
      19
      23
      33
      21
      27
      30
      21
      24
      22
      25
      34
      25
      17
      19
      24
      23
      28
      28
      21
      39
      25
      28
      27
      21
      27
      37
      34
      32
      20
      36
      25
      30
      26
      19
      38
      34
      28
      26
      21
      31
      22
      31
      26
      19
      28
      28
      36
      28
      29
      31
      29
      20
      23
      18
      28
      23
      32
      35
      32
      28
      38
      38
      24
      28
      27
      23
      25
      43
      40
      32
      33
      40
      33
      30
      25
      43
      30
      33
      31
      33
      38
      37
      36
      24
      33
      33
      40
      31
      45
      40
      33
      29
      22
      43
      41
      42
      37
      28
      43
      38
      33
      29
      39
      46
      32
      42
      42
      40
      37
      41
      48
      43
      36
      35
      33
      33
      41
      37
      40
      41
      41
      43
      39
      36
      46
      41
      37
      54
      44
      30
      45
      40
      49
      42
      51
      46
      45
      51
      43
      62
      54
      31
      46
      46
      39
      38
      60
      38
      44
      49
      47
      54
      50
      48
      58
      44
      58
      61
      48
      74
      59
      70
      50
      52
      61
      59
      55
      55
      64
      51
      66
      66
      59
      65
      55
      50
      47
      57
      71
      70
      68
      69
      83
      55
      53
      78
      57
      64
      70
      77
      86
      67
      58
      63
      86
      75
      72
      75
      80
      87
      72
      83
      91
      92
     112
      77
      98
     106
      99
      91
      91
      89
     113
      87
     106
      87
     104
     113
     104
      89
     115
     104
     111
     119
     107
     110
     116
     112
     126
     131
     134
     136
     122
     127
     134
     116
     151
     118
     116
     144
     144
     103
     133
     132
     105
     143
     129
     142
     125
     135
     121
     141
     128
     127
     119
     146
     114
     108
     118
     124
     126
     151
     132
     145
     122
     123
     134
     125
     125
     151
     128
     148
     135
     146
     114
     129
     133
     134
     125
     125
     142
     150
     137
     133
     143
     146
     134
     138
     124
     141
     141
     134
     144
     159
     137
     137
     125
     139
     142
     136
     144
     134
     161
     138
     145
     127
     178
     154
     161
     152
     153
     181
     165
     156
     175
     164
     177
     154
     162
     151
     162
     168
     186
     189
     192
     176
     176
     180
     223
     185
     187
     215
     199
     199
     199
     195
     200
     200
     245
     220
     202
     213
     244
     247
     225
     225
     235
     266
     240
     245
     264
     263
     263
     272
     267
     261
     297
     263
     275
     308
     302
     292
     332
     281
     274
     308
     332
     323
     375
     345
     339
     334
     336
     346
     363
     346
     377
     399
     381
     410
     369
     424
     390
     405
     443
     403
     420
     438
     441
     502
     451
     466
     460
     504
     554
     592
     683
     740
     854
     953
    1077
    1236
    1489
    1714
    2027
    2219
    2575
    2840
    3295
    3837
    3947
    4278
    4614
    4842
    4702
    4787
    4938
    4772
    4603
    4363
    4130
    3969
    3788
    3570
    3556
    3590
    3717
    3822
    4031
    4401
    4876
    5220
    5809
    6253
    6710
    7163
    7450
    7649
    7710
    7920
    7581
    7395
    7155
    6580
    6114
    5654
    4918
    4255
    3753
    3334
    2853
    2374
    1993
    1661
    1345
    1201
     920
     741
     593
     498
     412
     322
     261
     233
     210
     166
     153
     136
     111
     127
     110
      90
      81
      87
      94
      96
      82
      62
      90
      65
      76
      74
      63
      88
      70
      57
      74
      55
      58
      74
      55
      65
      59
      69
      68
      66
      76
      61
      66
      65
      71
      74
      58
      49
      49
      65
      59
      63
      73
      71
      46
      67
      56
      57
      43
      67
      61
      78
      67
      68
      57
      64
      68
      59
      60
      55
      73
      63
      59
      71
      82
      62
      79
      52
      71
      62
      67
      52
      71
      65
      85
      67
      71
      82
      77
      86
      85
      70
      87
      91
      89
      82
      98
      92
      88
     103
      75
      92
      89
     113
      85
      89
     110
     116
      97
     100
     104
     105
     114
     122
     113
     117
     120
      93
     122
     128
     117
     129
     146
     124
     110
     118
     134
     129
     138
     134
     146
     143
     163
     154
     155
     154
     151
     147
     164
     144
     180
     167
     171
     166
     179
     146
     165
     164
     161
     195
     206
     236
     222
     259
     287
     310
     375
     383
     478
     566
     618
     713
     749
     950
    1026
    1156
    1303
    1419
    1530
    1646
    1712
    1829
    1820
    1844
    1801
    1844
    1711
    1682
    1570
    1372
    1277
    1227
    1029
     972
     881
     703
     596
     554
     457
     430
     353
     286
     233
     224
     174
     191
     168
     143
     143
     131
     137
     120
     102
     147
     155
     192
     180
     215
     243
     276
     294
     339
     393
     364
     424
     441
     428
     457
     440
     460
     412
     431
     419
     385
     338
     349
     274
     270
     249
     202
     179
     167
     154
     129
     112
      94
      74
      80
      68
      53
      37
      35
      30
      29
      28
      19
      21
      14
      23
      19
       7
      12
      21
       8
      15
      11
      10
       5
       6
       6
       9
       7
      14
      16
      18
       8
      11
       8
      10
       7
       7
      13
      12
       8
      11
      11
      12
      10
       7
       9
       7
       9
       7
       9
      10
      15
       7
       8
      10
       9
       7
       6
       9
       7
      10
      12
       8
       7
      15
       4
       5
      12
      11
       5
       3
      14
       7
       3
       9
      12
       7
       6
      11
       6
       6
       9
      10
       8
       9
       6
      11
      13
       6
       3
       6
      11
       5
       9
       8
       9
       8
      10
       6
       8
       9
       9
       8
       6
       7
       9
       8
      10
       6
       8
       5
       8
       6
       7
      12
       4
      14
      10
       7
       9
      11
       7
       2
       3
       4
       7
       6
       7
       5
       6
      16
       8
       5
       5
       7
       6
       9
       9
       8
       5
       4
       4
       6
       7
       6
       9
       4
       7
       6
       5
       3
      12
       5
      10
       7
       3
      11
       6
       5
       1
      11
       5
       7
       7
       8
       8
       8
       8
       5
       7
       6
      13
      10
      12
       6
       8
      11
      10
       9
      12
       7
       6
       9
       6
       7
       9
       3
       6
       4
      11
       4
       4
       4
       7
       7
       7
       1
       8
      10
       5
       3
       8
       5
       5
       5
       7
       6
       8
       9
       7
       9
       9
       3
      10
       5
       5
      14
       4
      10
      12
      17
      11
      18
      32
      28
      29
      36
      37
      59
      76
      65
      65
      86
     113
      76
     114
     113
     138
     129
     121
      92
     117
     118
     116
      97
      93
      69
      76
      58
      52
      45
      34
      38
      33
      22
      29
      16
      19
      20
       7
       9
       7
       5
       2
       4
       3
       3
       3
       2
       0
       0
       2
       3
       1
       1
       1
       1
       0
       4
       1
       0
       1
       1
       1
       1
       1
       0
       0
       0
       3
       0
       1
       2
       2
       0
       1
       0
       1
       0
       1
       1
       1
       1
       1
       0
       1
       1
       2
       0
       1
       1
       1
       1
       1
       0
       2
       0
       1
       0
       0
       0
       0
       0
       0
       0
       0
       0
       0
       0
       0
       0
       0
       0
       0
       0
       0
       0
       0
       0
       0
       0
       0
       0
       0
       0
       0
       0
       0
       0
       0
$ROI:
0
$PRESETS:
Live Time
100
0
$ENER_FIT:
0.000000 0.000000
$MCA_CAL:
3
0.000000E+000 0.000000E+000 0.000000E+000 
$SHAPE_CAL:
3
0.000000E+000 0.000000E+000 0.000000E+000
