$SPEC_ID:
No sample description was entered.
$SPEC_REM:
DET# 1
DETDESC# PHY-R11-68 MCB 129
AP# Maestro Version 7.01
$DATE_MEA:
03/01/2019 14:52:50
$MEAS_TIM:
100 106
$DATA:
0 2047
       0
       0
       0
       0
       0
       0
       0
       0
       0
       0
       0
       0
       0
       0
       0
       0
       0
       0
       0
       0
       0
       0
       0
       0
       0
       0
       0
       0
       0
       0
       0
       0
       0
       0
       0
       0
       0
       0
       0
       0
       0
       0
       0
       0
       0
       0
       0
       0
       0
     238
     662
     708
     689
     668
     641
     677
     671
     691
     669
     655
     659
     661
     638
     631
     675
     664
     677
     646
     640
     632
     624
     693
     623
     653
     630
     617
     649
     605
     613
     596
     602
     561
     577
     565
     580
     541
     555
     603
     536
     544
     591
     546
     496
     564
     519
     512
     540
     539
     494
     519
     543
     534
     498
     517
     505
     500
     490
     468
     493
     491
     511
     497
     486
     482
     496
     490
     460
     471
     488
     451
     495
     529
     491
     474
     478
     467
     486
     502
     488
     483
     465
     486
     479
     488
     469
     478
     472
     489
     491
     473
     475
     483
     509
     511
     470
     509
     467
     476
     492
     496
     486
     495
     464
     514
     470
     476
     510
     503
     545
     492
     463
     454
     536
     545
     503
     452
     546
     526
     553
     503
     515
     502
     459
     516
     502
     512
     488
     523
     490
     524
     529
     507
     536
     502
     503
     510
     515
     490
     501
     503
     534
     525
     484
     469
     500
     511
     571
     525
     520
     513
     548
     506
     496
     464
     521
     512
     501
     478
     415
     451
     497
     413
     400
     433
     375
     428
     361
     384
     397
     406
     386
     364
     399
     402
     376
     388
     399
     389
     391
     331
     402
     391
     336
     314
     295
     336
     306
     292
     288
     295
     311
     297
     265
     241
     260
     258
     276
     227
     247
     265
     218
     234
     229
     193
     223
     207
     201
     216
     217
     243
     235
     212
     186
     228
     192
     198
     188
     216
     197
     170
     178
     157
     162
     169
     155
     140
     137
     143
     151
     154
     169
     128
     136
     125
     131
     118
     107
     123
     128
     112
     125
     103
     119
     113
      96
     118
     124
     110
     107
      94
     114
      90
     120
     100
      96
      86
      98
      95
      96
      76
      98
      82
      86
      95
      80
      68
      90
      87
      92
      66
      86
      82
      85
      85
      53
      88
      83
      70
      61
      66
      84
      74
      77
      80
      56
      77
      83
      75
      65
      64
      60
      46
      70
      66
      60
      54
      64
      58
      56
      69
      66
      50
      56
      51
      45
      64
      52
      64
      61
      53
      56
      61
      50
      50
      43
      53
      55
      39
      49
      60
      59
      55
      50
      46
      41
      42
      45
      41
      42
      54
      49
      55
      55
      45
      44
      41
      39
      48
      43
      37
      46
      44
      44
      35
      43
      35
      36
      26
      25
      41
      44
      38
      39
      49
      30
      42
      33
      34
      32
      43
      39
      32
      38
      34
      29
      37
      31
      36
      27
      36
      35
      41
      34
      29
      37
      35
      30
      42
      32
      28
      33
      50
      51
      51
      65
      40
      44
      44
      46
      45
      43
      34
      31
      35
      31
      30
      46
      34
      24
      26
      35
      29
      40
      31
      31
      32
      29
      34
      27
      31
      22
      27
      19
      32
      16
      25
      37
      29
      21
      28
      25
      19
      16
      25
      34
      31
      25
      28
      26
      23
      19
      25
      28
      29
      32
      31
      35
      27
      27
      28
      30
      29
      29
      31
      28
      24
      27
      27
      23
      19
      21
      22
      23
      20
      28
      25
      26
      26
      28
      23
      16
      15
      17
      26
      15
      11
      11
      22
      19
      25
      27
      26
      16
      25
      19
      19
      16
      22
      19
      20
      18
      17
      18
       9
      18
      15
      17
      17
      20
      17
      20
      15
      17
      14
      23
      11
      17
      12
      26
      19
      20
      20
      24
      23
      14
      23
      24
      20
      17
      36
      23
      32
      24
      42
      31
      32
      36
      33
      34
      32
      35
      33
      25
      35
      22
      22
      18
      20
      15
      22
      21
      17
      19
      14
      17
      14
      21
      13
      16
      22
      24
      15
      17
      17
       8
      19
       9
      14
      12
      14
      10
      20
      12
      18
      13
      18
      15
      14
      18
      12
      15
      16
      15
      13
      23
      14
      13
      18
      15
      13
      13
      13
      12
      12
      14
      17
      11
      19
      15
      17
      17
      18
      13
      19
      23
      15
      18
      20
      21
      16
      24
      22
      20
      23
      23
      15
      20
      12
      18
      12
      18
      17
      12
      16
      13
      13
      13
       8
      12
      18
      11
      19
      19
      15
       9
      19
       9
      13
       9
      20
      13
      23
      16
      14
      11
      17
      16
      16
      15
      15
      18
      16
      18
      14
      18
      22
      16
      21
      12
      16
      13
      13
      14
      17
      23
      19
      18
      20
      16
      16
      21
      10
      16
      14
      15
      21
      15
       8
      13
      18
      13
      19
      12
      14
      24
      14
      24
      15
      24
      31
      23
      21
      14
      24
      29
      18
      23
      20
       9
      17
      15
      10
      16
      14
      28
      22
      23
      13
      21
      19
      15
      19
      17
      19
      19
      14
      18
      25
      22
      20
      23
      17
      22
      18
      18
      22
      17
      21
      22
      29
      21
      16
      28
      28
      32
      28
      29
      32
      46
      50
      34
      62
      67
      80
      85
     120
     134
     108
     174
     155
     182
     188
     198
     213
     222
     210
     203
     207
     193
     190
     168
     166
     131
     118
     120
      78
      84
      63
      58
      47
      44
      25
      30
      30
      35
      23
      24
      21
      21
      30
      16
      25
      24
      19
      22
      25
      26
      29
      33
      20
      18
      13
      24
      18
      20
      25
      16
      24
      15
      19
      21
      27
      14
      20
      17
      17
      10
      16
      12
      14
      18
      22
      14
      22
      15
      24
      17
      25
      19
      22
      18
      17
      22
      13
      22
      19
      23
      21
      20
      28
      23
      16
      21
      20
      20
      23
      15
      23
      19
      18
      20
      21
      17
      34
      28
      31
      33
      39
      40
      44
      39
      56
      55
      61
      55
      62
      78
      55
      52
      63
      45
      65
      47
      38
      34
      36
      34
      29
      33
      35
      25
      24
      27
      15
      24
      24
      32
      25
      25
      33
      19
      23
      21
      26
      16
      24
      25
      17
      21
      16
      22
      19
      26
      21
      27
      20
      16
      20
      14
      16
      16
      20
      18
      15
      13
      16
      21
      20
      18
      15
      17
      16
      19
      25
      16
      10
      16
      19
      14
      10
      12
      26
      21
      13
      17
      16
      21
      19
      23
      27
      19
      15
      16
      16
      21
      16
      15
      16
      17
      17
      17
      18
      20
      26
      10
      18
      23
       6
      21
      16
      15
      17
      18
      13
      13
      18
      20
      22
      19
      10
      24
      19
      22
      11
      19
      13
      14
      16
      15
      23
      19
      18
      21
      14
      13
      23
      21
      15
      27
      18
      27
      23
      20
      21
      26
      21
      15
      15
      22
      21
      13
      24
      19
      23
      18
      24
      19
      16
      28
      27
      19
      12
      18
      17
      17
      25
      22
      24
      22
      22
      28
      18
      19
      17
      27
      24
      24
      27
      15
      15
      26
      22
      27
      20
      29
      24
      29
      24
      23
      18
      24
      19
      27
      25
      24
      19
      19
      16
      28
      31
      19
      33
      31
      24
      32
      25
      27
      27
      25
      28
      37
      23
      30
      27
      33
      20
      34
      24
      28
      23
      21
      31
      27
      29
      26
      36
      17
      23
      27
      29
      27
      21
      37
      32
      30
      24
      40
      39
      27
      36
      22
      31
      34
      29
      40
      42
      29
      28
      44
      39
      29
      33
      27
      35
      33
      39
      32
      30
      21
      40
      43
      28
      31
      40
      30
      40
      49
      31
      52
      25
      36
      32
      30
      44
      40
      33
      43
      43
      47
      41
      29
      33
      50
      43
      39
      45
      42
      52
      42
      33
      39
      41
      42
      44
      40
      38
      46
      51
      49
      48
      42
      43
      57
      46
      45
      50
      61
      63
      58
      50
      46
      37
      66
      58
      54
      63
      54
      52
      62
      64
      65
      56
      49
      68
      70
      65
      53
      68
      65
      76
      58
      64
      71
      68
      77
      63
      92
      72
      61
      92
      80
      90
      89
      74
      96
      91
      76
     103
      83
      97
      97
      90
     100
     106
     101
      88
     101
      78
     118
      93
     104
     107
      98
     105
      96
     121
     101
     107
     120
     115
     131
     107
     108
     112
     126
     109
     131
     108
     133
     137
     125
     130
     126
     121
     130
     128
     121
     131
     127
     118
     131
     105
     120
     141
     143
     144
     116
     127
     132
     133
     126
     137
     144
     105
     128
     128
     136
     130
     134
     144
     125
     127
     153
     142
     129
     141
     144
     114
     134
     150
     137
     141
     167
     152
     146
     123
     152
     141
     114
     130
     155
     160
     170
     162
     162
     141
     150
     148
     154
     150
     172
     150
     160
     154
     169
     185
     173
     158
     187
     183
     186
     170
     170
     164
     198
     220
     200
     158
     170
     191
     195
     186
     200
     187
     212
     198
     197
     233
     214
     224
     198
     212
     254
     219
     209
     250
     244
     216
     244
     236
     257
     254
     257
     248
     289
     271
     318
     265
     307
     280
     313
     278
     310
     321
     328
     294
     343
     360
     356
     355
     353
     341
     361
     357
     343
     393
     378
     370
     408
     354
     443
     401
     398
     441
     381
     423
     426
     417
     470
     429
     482
     481
     423
     439
     437
     453
     455
     517
     504
     509
     571
     552
     591
     627
     656
     789
     849
     950
    1070
    1255
    1473
    1677
    1912
    2263
    2584
    2862
    3337
    3669
    3929
    4276
    4587
    4709
    4834
    4797
    4782
    4652
    4514
    4371
    4148
    3896
    3658
    3710
    3555
    3478
    3582
    3733
    4066
    4352
    4835
    5122
    5748
    6110
    6615
    6941
    7411
    7724
    7672
    7684
    7512
    7318
    6938
    6531
    6073
    5509
    4861
    4397
    3838
    3202
    2790
    2348
    1980
    1681
    1346
    1016
     935
     774
     603
     486
     380
     337
     272
     259
     219
     185
     133
     137
     156
     105
     125
     102
     102
      74
      84
      86
      87
      77
      73
      69
      74
      75
      87
      52
      67
      73
      67
      59
      56
      70
      51
      52
      67
      70
      69
      67
      76
      62
      57
      57
      51
      41
      64
      80
      79
      60
      80
      68
      61
      58
      56
      62
      64
      78
      57
      70
      70
      69
      64
      73
      64
      79
      70
      66
      72
      75
      69
      85
      66
      72
      79
      62
      85
      69
      70
      75
      79
      80
      84
      86
      85
      82
      77
      87
      87
      96
      72
      93
      99
     109
      84
      98
     113
      93
      76
      97
      96
     110
     118
     114
      98
     105
     119
      92
     105
     117
     107
     118
     117
     130
     137
     146
     143
     139
     117
     117
     117
     106
     135
     152
     143
     142
     134
     125
     136
     161
     157
     155
     141
     146
     153
     140
     153
     154
     160
     171
     160
     162
     180
     141
     174
     162
     163
     191
     166
     206
     203
     239
     233
     267
     258
     316
     360
     406
     469
     495
     642
     688
     765
     937
    1054
    1178
    1275
    1429
    1515
    1662
    1702
    1818
    1774
    1815
    1819
    1745
    1715
    1595
    1527
    1383
    1316
    1142
    1091
     942
     850
     749
     660
     620
     460
     384
     361
     314
     243
     214
     170
     166
     164
     134
     128
     142
     117
     135
     118
     130
     154
     172
     177
     215
     251
     269
     319
     338
     363
     409
     407
     436
     406
     450
     442
     457
     435
     434
     439
     383
     360
     314
     337
     291
     238
     221
     200
     170
     143
     125
     120
      96
      89
      56
      62
      37
      46
      38
      23
      28
      26
      19
      13
      19
      11
       9
      17
      11
      15
      11
      16
       7
       6
      11
      10
      10
      13
      13
       9
      14
      12
       9
      11
       8
      13
       8
      12
       5
      16
      14
      14
      15
      11
       7
       5
       7
       9
       9
       6
       6
       6
       5
       9
      12
       7
      10
       4
       7
      14
      10
      11
       8
      11
      12
      15
       5
      10
       6
       7
       8
       9
      10
       9
       8
       6
       7
       7
      11
      11
       7
       6
       2
      18
      12
      10
       6
       8
       5
       7
       6
       5
       8
       3
      10
       7
       6
       6
       8
       3
      12
      10
       6
       3
       9
      10
       8
       3
       2
       8
       6
       3
       6
      10
       8
       3
       9
       4
       7
       8
       7
      10
      10
       8
       8
      12
       8
       9
       9
       8
       6
       6
      10
       7
       9
       5
       2
       2
       5
       6
      12
       6
      10
       4
       7
       9
       9
       4
       3
       4
       7
       5
      13
       4
      11
       6
      12
       6
       8
       5
       6
      11
       4
       7
       6
       7
       4
       7
       8
      12
       6
       9
      12
       6
       9
       8
       9
      10
       7
      11
      15
       3
       5
       9
       4
       9
      10
       7
       4
       3
      11
      16
       4
      16
       8
       6
       4
       6
       9
       4
       6
      11
       6
       8
       7
      11
       6
       7
       6
       9
       5
       5
       8
       5
       5
      10
      12
       5
       8
      14
       6
      13
      25
      23
      19
      33
      37
      49
      49
      36
      65
      86
      84
      99
     105
     119
     116
     115
     123
     114
     110
     120
     126
     118
     104
     103
      90
      85
      64
      49
      66
      56
      44
      37
      29
      27
      17
      24
      16
      12
       8
       7
       4
       5
       1
       6
       4
       2
       4
       2
       2
       2
       0
       2
       1
       0
       0
       2
       1
       0
       0
       0
       0
       2
       0
       0
       0
       1
       0
       0
       0
       1
       0
       1
       1
       0
       0
       1
       0
       0
       1
       0
       1
       1
       2
       0
       1
       0
       0
       3
       0
       0
       1
       1
       0
       0
       1
       0
       0
       0
       0
       0
       0
       0
       0
       0
       0
       0
       0
       0
       0
       0
       0
       0
       0
       0
       0
       0
       0
       0
       0
       0
       0
       0
       0
       0
       0
       0
       0
       0
       0
$ROI:
0
$PRESETS:
Live Time
100
0
$ENER_FIT:
0.000000 0.000000
$MCA_CAL:
3
0.000000E+000 0.000000E+000 0.000000E+000 
$SHAPE_CAL:
3
0.000000E+000 0.000000E+000 0.000000E+000
