$SPEC_ID:
No sample description was entered.
$SPEC_REM:
DET# 1
DETDESC# PHY-R11-68 MCB 129
AP# Maestro Version 7.01
$DATE_MEA:
03/01/2019 14:46:51
$MEAS_TIM:
100 106
$DATA:
0 2047
       0
       0
       0
       0
       0
       0
       0
       0
       0
       0
       0
       0
       0
       0
       0
       0
       0
       0
       0
       0
       0
       0
       0
       0
       0
       0
       0
       0
       0
       0
       0
       0
       0
       0
       0
       0
       0
       0
       0
       0
       0
       0
       0
       0
       0
       0
       0
       0
       0
     248
     696
     704
     711
     658
     729
     661
     650
     686
     683
     662
     647
     696
     643
     612
     644
     619
     700
     650
     650
     607
     649
     611
     586
     611
     641
     586
     592
     585
     586
     612
     598
     580
     590
     595
     546
     564
     573
     591
     547
     544
     555
     542
     546
     519
     546
     528
     570
     528
     556
     502
     533
     542
     515
     502
     506
     520
     501
     520
     526
     500
     516
     494
     490
     452
     505
     494
     483
     480
     495
     490
     459
     417
     490
     482
     502
     458
     483
     479
     491
     494
     496
     432
     499
     492
     470
     514
     466
     483
     458
     466
     441
     521
     482
     509
     466
     479
     459
     466
     465
     485
     491
     502
     509
     475
     521
     558
     489
     515
     508
     481
     517
     500
     501
     434
     515
     488
     495
     488
     529
     513
     504
     503
     447
     516
     503
     476
     474
     475
     445
     499
     526
     517
     499
     491
     508
     449
     509
     525
     493
     515
     517
     511
     474
     514
     476
     470
     458
     505
     472
     492
     489
     483
     492
     500
     460
     501
     461
     435
     472
     440
     446
     438
     433
     401
     393
     370
     398
     372
     351
     353
     396
     405
     372
     401
     371
     386
     388
     381
     360
     361
     397
     353
     389
     371
     311
     309
     304
     294
     313
     309
     297
     289
     293
     281
     251
     261
     220
     257
     238
     221
     228
     224
     241
     225
     218
     225
     205
     207
     188
     204
     218
     222
     224
     199
     196
     212
     180
     206
     192
     169
     152
     176
     165
     146
     163
     145
     154
     139
     161
     140
     133
     129
     141
     123
     140
     121
     125
     111
     122
     106
     124
     112
     126
      96
     117
     101
     110
      95
      96
     120
     101
     108
      98
     100
      87
      83
      89
      90
     103
      86
      71
      96
      90
      76
      94
      90
      83
      88
      82
      69
      72
      97
      80
      84
      59
      64
      70
      70
      77
      68
      78
      72
      76
      60
      63
      66
      60
      64
      61
      60
      69
      67
      64
      67
      57
      72
      52
      63
      58
      54
      54
      63
      76
      55
      55
      58
      53
      70
      68
      56
      54
      57
      53
      40
      41
      46
      54
      52
      74
      50
      44
      36
      50
      44
      47
      38
      49
      49
      44
      42
      40
      43
      48
      40
      35
      40
      43
      34
      44
      32
      35
      31
      32
      28
      42
      24
      40
      47
      38
      37
      31
      45
      36
      46
      45
      44
      39
      39
      41
      36
      44
      40
      39
      42
      52
      30
      44
      33
      32
      34
      37
      45
      34
      31
      33
      46
      41
      41
      35
      44
      44
      47
      52
      54
      38
      44
      47
      35
      48
      51
      40
      33
      31
      35
      27
      30
      38
      27
      30
      31
      30
      26
      22
      30
      20
      32
      27
      29
      23
      35
      39
      32
      23
      26
      25
      23
      23
      24
      31
      24
      31
      27
      28
      22
      23
      36
      26
      29
      26
      28
      30
      26
      34
      28
      28
      27
      22
      39
      26
      28
      27
      27
      29
      27
      22
      23
      28
      29
      22
      23
      17
      21
      24
      21
      19
      20
      24
      22
      23
      27
      19
      17
      24
      15
      19
      23
      22
      16
      29
      18
      12
      21
      13
      15
      23
      18
      21
      18
      15
      18
      22
      16
      13
      25
      15
      24
      18
      19
      19
      21
      27
      22
      19
      21
      16
      18
      16
      25
      17
      24
      14
      21
      24
      16
      11
      25
      19
      30
      21
      22
      21
      30
      26
      25
      27
      33
      37
      37
      32
      37
      32
      31
      23
      27
      27
      21
      22
      24
      25
      21
      20
      17
      21
      24
      19
      19
      16
      13
      25
      19
      17
      28
      16
      10
      18
      17
      21
      24
      19
      16
      22
      20
      14
      16
      17
      12
      18
      24
      26
      13
      17
      19
      15
      20
      16
      22
      23
      21
      15
      20
      18
      14
      20
      21
       8
      18
      17
      10
      23
      18
      15
      24
      19
      23
      14
      20
      13
      26
      17
      26
      23
      18
      12
      25
      14
      12
      22
      27
      15
      18
      14
      14
      14
      18
      20
      23
      18
      21
      14
      28
      24
      18
      13
      20
      20
      19
      17
      13
      19
      11
      18
      17
      23
      15
      23
      10
      14
      20
      17
      16
      18
      20
      19
      18
      17
      16
      23
      21
      21
      18
      19
      22
      15
      15
      21
      24
      17
      18
      26
      16
      18
      12
      13
      23
      11
       9
      20
      15
      23
      19
      21
      18
       9
      17
      27
      18
       9
      15
      15
      22
      14
      20
      19
      32
      25
      15
      22
      19
      20
      20
      21
      18
      18
      17
      20
      23
      21
      12
      19
      25
      28
      25
      18
      17
      35
      25
      25
      22
      23
      16
      22
      20
      13
      17
      27
      13
      16
      25
      20
      21
      25
      27
      24
      32
      24
      29
      36
      31
      33
      41
      40
      63
      71
      71
      90
     107
     110
     144
     150
     159
     183
     189
     195
     211
     215
     208
     225
     222
     206
     198
     180
     195
     141
     143
      99
      88
      86
      58
      76
      41
      41
      47
      26
      26
      37
      28
      26
      23
      16
      19
      21
      28
      25
      22
      25
      23
      19
      25
      29
      26
      25
      26
      34
      25
      24
      19
      28
      26
      27
      26
      30
      20
      23
      21
      28
      30
      30
      20
      15
      33
      29
      26
      17
      22
      10
      17
      19
      26
      16
      16
      26
      23
      17
      29
      15
      26
      28
      27
      28
      27
      24
      17
      30
      26
      26
      21
      31
      24
      26
      22
      27
      20
      28
      34
      43
      33
      42
      42
      39
      42
      53
      63
      61
      80
      57
      66
      62
      63
      73
      65
      52
      64
      56
      52
      49
      42
      29
      37
      37
      34
      24
      26
      39
      35
      37
      32
      27
      38
      31
      25
      30
      25
      33
      25
      30
      19
      32
      19
      25
      28
      19
      24
      28
      22
      16
      23
      15
      25
      34
      27
      19
      26
      32
      23
      17
      21
      27
      28
      22
      28
      25
      23
      29
      23
      20
      25
      27
      19
      26
      21
      24
      12
      29
      18
      34
      23
      17
      26
      35
      17
      24
      24
      24
      29
      18
      26
      19
      27
      24
      32
      23
      17
      20
      30
      17
      31
      36
      26
      25
      24
      22
      34
      29
      32
      18
      28
      19
      26
      24
      37
      28
      24
      25
      18
      25
      30
      26
      22
      23
      41
      32
      29
      38
      28
      25
      46
      28
      27
      22
      19
      28
      30
      29
      35
      22
      31
      24
      32
      24
      27
      30
      25
      25
      29
      24
      21
      29
      28
      42
      33
      37
      32
      27
      35
      32
      29
      24
      22
      38
      26
      28
      32
      35
      26
      29
      32
      36
      38
      36
      35
      39
      33
      39
      46
      35
      41
      22
      38
      41
      44
      35
      27
      35
      27
      33
      33
      46
      30
      37
      41
      40
      42
      34
      47
      37
      33
      37
      42
      36
      37
      44
      42
      36
      32
      39
      45
      39
      36
      43
      38
      50
      41
      27
      40
      48
      43
      38
      44
      49
      51
      38
      37
      52
      30
      43
      61
      44
      43
      42
      40
      49
      49
      52
      53
      49
      39
      56
      46
      55
      47
      52
      44
      54
      55
      63
      46
      49
      46
      55
      49
      48
      52
      64
      61
      51
      43
      55
      55
      44
      50
      50
      44
      51
      50
      54
      53
      58
      57
      60
      60
      48
      70
      63
      64
      51
      52
      56
      59
      60
      64
      69
      61
      53
      66
      62
      63
      47
      81
      54
      61
      72
      69
      65
      78
      77
      74
      67
      78
      69
      83
      73
      84
      61
      45
      74
      72
      69
      83
      90
      84
      72
      75
      80
     103
      90
      79
      96
      97
      80
     109
      88
      92
      78
     109
      77
      99
     101
      87
     108
      80
     112
     114
     111
     105
      98
     104
     112
     126
      98
     102
     117
     131
     113
      98
     115
     113
     109
     122
     137
     129
     138
     116
     134
     139
     121
     135
     130
     120
     128
     125
     130
     146
     144
     128
     139
     154
     164
     159
     140
     133
     153
     142
     135
     153
     147
     159
     160
     149
     162
     171
     152
     162
     151
     161
     165
     140
     155
     145
     151
     156
     152
     173
     172
     183
     146
     180
     171
     182
     154
     172
     189
     188
     170
     171
     176
     162
     171
     188
     180
     171
     171
     177
     163
     161
     180
     192
     179
     179
     205
     161
     177
     175
     178
     187
     165
     230
     184
     199
     197
     210
     175
     209
     201
     184
     205
     215
     197
     192
     225
     185
     203
     219
     197
     199
     190
     199
     252
     225
     219
     206
     222
     226
     224
     232
     233
     219
     218
     215
     212
     224
     221
     222
     220
     221
     233
     243
     215
     251
     244
     225
     232
     240
     248
     281
     238
     240
     227
     271
     239
     250
     261
     271
     229
     244
     252
     239
     265
     285
     272
     264
     308
     296
     282
     287
     284
     282
     306
     314
     276
     329
     305
     329
     333
     301
     341
     337
     361
     330
     344
     349
     375
     375
     400
     402
     380
     417
     421
     454
     381
     444
     476
     442
     550
     590
     634
     711
     771
     931
    1075
    1144
    1333
    1705
    2023
    2145
    2590
    2921
    3282
    3556
    3931
    4130
    4475
    4689
    4601
    4801
    4628
    4644
    4380
    4216
    4175
    3964
    3671
    3404
    3346
    3424
    3582
    3763
    3926
    4194
    4748
    5159
    5613
    6252
    6716
    6987
    7381
    7521
    7542
    7540
    7354
    7334
    6908
    6373
    5934
    5397
    4858
    4351
    3709
    3229
    2782
    2337
    1953
    1669
    1303
    1111
     910
     775
     604
     504
     426
     345
     316
     255
     237
     162
     161
     133
     134
     101
     107
      96
      89
      98
      93
      84
      92
      89
      94
      72
      64
      75
      76
      83
      72
      81
      81
      97
      69
      71
      66
      64
      67
      72
      86
      75
      80
      66
      75
      66
      71
      64
      93
      64
      58
      54
      75
      66
      60
      78
      77
      91
      72
      58
      82
      74
      70
      82
      71
      67
      64
      75
      70
      55
      72
      75
      72
      70
      68
      59
      56
      66
      62
      86
      73
      66
      76
      67
      65
      60
      70
      72
      63
      80
      90
      72
      72
      88
      82
      83
      86
      81
      79
      75
      92
      95
      94
      77
      96
      92
      81
      98
      79
      93
      95
      86
     104
      87
     100
     104
     112
     112
      93
      97
     111
     118
     124
     118
     130
     139
     110
     103
     128
     133
     126
     149
     127
     120
     125
     114
     136
     137
     130
     146
     154
     148
     165
     138
     146
     157
     149
     151
     160
     171
     168
     176
     211
     187
     205
     229
     266
     297
     354
     395
     427
     520
     580
     717
     834
     874
     983
    1122
    1304
    1404
    1536
    1597
    1732
    1713
    1820
    1692
    1738
    1761
    1627
    1641
    1491
    1392
    1236
    1250
    1071
     925
     789
     693
     627
     476
     464
     407
     336
     289
     245
     210
     188
     186
     154
     163
     134
     136
     149
     137
     146
     127
     158
     166
     210
     213
     227
     270
     273
     310
     357
     396
     384
     418
     409
     457
     457
     404
     404
     383
     410
     359
     359
     283
     288
     261
     236
     200
     170
     166
     141
     126
     108
     102
      73
      69
      62
      51
      34
      33
      39
      34
      24
      23
      20
      13
      17
      22
      17
      19
      12
      20
       7
      10
       9
       8
      13
       8
      11
       9
      11
      11
      14
      17
      13
      11
       7
       8
      14
      10
      12
       6
       4
       7
       6
      11
       8
       9
      13
       8
      12
      13
      10
       7
      12
       6
       9
       7
       6
       8
      14
       9
       8
      10
      10
       8
       9
       9
       7
       8
      10
      14
      10
       7
       7
       6
      13
       9
       9
      10
      11
       5
       5
      11
       9
       6
      10
      11
      11
       6
       6
       8
       9
       7
      11
       8
       9
       9
      10
       7
      10
       9
      10
       5
      11
      10
       9
       9
      11
       8
       7
       9
       2
       9
       6
       7
      11
      11
      11
       6
      10
       7
       6
       6
       6
       5
      11
       1
       4
      10
       5
       6
       6
      11
       6
       3
       5
       7
       6
       6
       9
       7
       8
      11
       7
       7
       7
       9
       3
       3
       7
       2
      11
       4
       6
       6
       9
       7
       4
       4
      11
       6
      12
       6
       1
       6
       6
       7
       8
       2
       7
       8
       5
       7
       9
       1
       6
       6
       6
      19
       5
       2
       4
       8
       6
       3
      11
       3
       7
       3
       6
       4
       4
       3
       7
       8
      11
       4
      12
      11
       6
       9
       9
       7
       9
       4
      14
       8
       6
       8
       6
       9
       6
       8
       5
       9
      11
       5
       9
       6
       9
      11
      14
      14
      15
      24
      31
      28
      40
      44
      62
      49
      72
      71
     100
      92
      98
     106
     137
     111
     112
     112
      92
      98
     104
      97
     104
      96
      83
      66
      57
      53
      42
      39
      35
      25
      21
      13
      16
      15
      13
      12
       6
       8
       7
       5
       4
       6
       5
       4
       0
       4
       2
       1
       1
       0
       0
       0
       4
       0
       1
       2
       2
       1
       0
       2
       1
       0
       1
       1
       1
       0
       1
       3
       0
       1
       0
       0
       0
       1
       0
       0
       2
       1
       2
       1
       0
       0
       0
       0
       0
       0
       1
       0
       1
       0
       3
       3
       1
       1
       0
       0
       0
       0
       0
       0
       0
       0
       0
       0
       0
       0
       0
       0
       0
       0
       0
       0
       0
       0
       0
       0
       0
       0
       0
       0
       0
       0
       0
       0
       0
       0
$ROI:
0
$PRESETS:
Live Time
100
0
$ENER_FIT:
0.000000 0.000000
$MCA_CAL:
3
0.000000E+000 0.000000E+000 0.000000E+000 
$SHAPE_CAL:
3
0.000000E+000 0.000000E+000 0.000000E+000
