$SPEC_ID:
No sample description was entered.
$SPEC_REM:
DET# 1
DETDESC# PHY-R11-68 MCB 129
AP# Maestro Version 7.01
$DATE_MEA:
03/01/2019 14:19:07
$MEAS_TIM:
100 105
$DATA:
0 2047
       0
       0
       0
       0
       0
       0
       0
       0
       0
       0
       0
       0
       0
       0
       0
       0
       0
       0
       0
       0
       0
       0
       0
       0
       0
       0
       0
       0
       0
       0
       0
       0
       0
       0
       0
       0
       0
       0
       0
       0
       0
       0
       0
       0
       0
       0
       0
       0
       0
     210
     603
     593
     609
     621
     645
     574
     646
     573
     629
     564
     577
     577
     644
     593
     601
     589
     625
     559
     577
     579
     589
     579
     520
     511
     539
     573
     570
     510
     521
     524
     561
     490
     540
     502
     483
     460
     519
     460
     489
     477
     477
     471
     474
     488
     486
     493
     462
     452
     464
     440
     497
     470
     394
     460
     443
     482
     438
     502
     456
     449
     429
     440
     473
     439
     469
     448
     453
     437
     462
     424
     452
     394
     398
     412
     424
     445
     427
     437
     426
     429
     435
     420
     448
     410
     413
     427
     454
     416
     429
     410
     490
     422
     464
     417
     439
     434
     391
     390
     429
     417
     428
     476
     448
     413
     440
     440
     411
     388
     418
     430
     467
     421
     454
     478
     415
     433
     444
     438
     450
     447
     441
     433
     423
     406
     421
     437
     460
     494
     451
     429
     454
     443
     430
     383
     464
     445
     425
     451
     440
     402
     406
     453
     422
     464
     414
     480
     451
     425
     450
     436
     441
     426
     437
     390
     453
     416
     414
     418
     396
     400
     395
     364
     355
     332
     364
     349
     321
     315
     340
     292
     315
     329
     346
     330
     371
     368
     298
     353
     341
     327
     319
     322
     311
     278
     293
     269
     295
     271
     244
     265
     245
     250
     249
     209
     221
     231
     234
     218
     235
     226
     186
     174
     197
     164
     181
     200
     194
     206
     196
     164
     158
     170
     171
     179
     155
     172
     155
     178
     149
     123
     131
     144
     142
     118
     143
     110
     151
     145
     137
     135
     122
     123
     101
     127
     118
     106
     100
     126
     107
     104
     110
     102
      89
      97
      94
     102
     100
      83
      83
      66
     108
      84
      68
     105
     100
      67
      84
      95
      83
      95
      91
      82
      74
      74
      73
      66
      76
      62
      79
      88
      63
      62
      68
      61
      64
      75
      70
      73
      71
      76
      77
      63
      62
      61
      73
      57
      60
      53
      64
      66
      65
      53
      61
      51
      48
      49
      52
      56
      50
      59
      54
      64
      42
      48
      56
      43
      55
      45
      48
      46
      50
      51
      50
      43
      46
      33
      49
      43
      46
      41
      37
      48
      54
      45
      42
      47
      50
      43
      39
      49
      53
      48
      36
      44
      45
      25
      49
      44
      42
      33
      35
      38
      33
      37
      27
      38
      47
      30
      22
      45
      43
      37
      37
      36
      31
      38
      43
      23
      44
      27
      46
      38
      30
      31
      23
      28
      28
      28
      32
      39
      37
      26
      36
      28
      34
      40
      36
      40
      27
      33
      39
      58
      43
      47
      54
      42
      48
      39
      40
      34
      37
      38
      39
      28
      35
      37
      29
      29
      23
      22
      36
      22
      30
      24
      22
      18
      32
      19
      21
      15
      23
      22
      33
      26
      24
      18
      23
      23
      25
      16
      17
      16
      29
      30
      20
      29
      26
      22
      31
      29
      23
      17
      39
      31
      43
      32
      17
      32
      32
      24
      22
      23
      29
      31
      22
      20
      22
      29
      14
      21
      20
      21
      20
      21
      31
      26
      21
      16
      26
      17
      19
      29
      13
      21
      21
      26
      24
      20
      18
      22
      21
      29
      26
      15
      12
      20
      16
      12
      23
      20
      13
      16
      21
      20
      20
      16
      17
      15
      20
      18
      22
      15
      20
      16
      19
      14
      13
      13
      14
      24
      21
      14
      15
      16
      20
      23
      21
      24
      23
      31
      16
      35
      37
      36
      30
      26
      33
      39
      27
      34
      41
      37
      24
      25
      24
      31
      14
      19
      27
      18
      16
      12
      17
      23
      18
      22
      20
      21
      17
      19
      15
      12
      16
      18
      17
      18
      15
      12
      17
      18
      14
      12
      18
      28
      27
       9
      16
      16
      19
      24
      32
      16
      16
       9
      16
      24
      18
      17
      14
      11
      19
       7
      18
      24
      24
      13
      15
      25
      21
      21
      17
      16
      16
      23
      23
      21
      17
      26
      16
      17
      20
      18
      15
      27
      18
      17
      14
      24
      16
      12
      21
      21
      25
      12
      19
      16
      18
      22
      22
      21
      18
      22
      21
      18
      13
      29
      17
      17
       8
      25
      19
      14
      22
      19
      14
      16
      15
      24
      17
      17
      19
      17
      23
      25
      20
      19
      19
      10
      16
      18
      21
      15
      14
      12
      17
      21
      14
      20
      27
      18
      19
      20
      19
      23
      18
      18
      27
      25
      13
      16
      22
      26
      16
      14
      19
      20
      16
      21
      20
      11
      21
      16
      28
      20
      28
      35
      13
      18
      24
      21
      19
      17
      26
      18
      13
      20
      17
      18
      23
      19
      18
      24
      14
      20
      28
      13
      17
      21
      19
      19
      24
      23
      24
      18
      23
      20
      27
      19
      22
      21
      21
      20
      25
      19
      27
      38
      28
      32
      45
      34
      51
      51
      55
      71
      90
      87
      85
     125
     122
     136
     161
     165
     172
     208
     209
     187
     184
     199
     196
     172
     160
     119
     139
     113
     102
      76
      66
      66
      56
      39
      33
      45
      42
      23
      32
      20
      20
      27
      20
      20
      17
      23
      32
      34
      25
      29
      18
      26
      30
      28
      24
      23
      24
      29
      19
      23
      25
      11
      28
      19
      27
      23
      22
      28
      30
      28
      15
      25
      23
      30
      22
      19
      19
      24
      27
      24
      23
      22
      22
      27
      22
      21
      24
      20
      23
      16
      20
      26
      25
      30
      19
      21
      23
      28
      22
      35
      26
      25
      40
      29
      27
      24
      20
      25
      44
      36
      25
      47
      36
      46
      45
      52
      58
      53
      60
      65
      55
      65
      63
      53
      62
      46
      53
      43
      39
      38
      49
      36
      40
      41
      37
      37
      32
      32
      25
      24
      26
      38
      27
      32
      12
      30
      15
      20
      19
      29
      35
      35
      34
      29
      31
      29
      27
      31
      22
      15
      19
      17
      27
      25
      11
      21
      23
      26
      28
      19
      25
      22
      17
      27
      15
      25
      21
      23
      22
      24
      25
      29
      30
      28
      31
      29
      32
      27
      24
      15
      14
      23
      28
      21
      31
      21
      26
      28
      17
      21
      35
      25
      32
      28
      29
      20
      22
      23
      25
      27
      25
      30
      28
      31
      24
      29
      26
      17
      24
      25
      33
      33
      22
      38
      33
      29
      30
      16
      29
      28
      23
      29
      24
      29
      26
      26
      21
      29
      22
      30
      31
      29
      23
      31
      38
      34
      21
      25
      19
      27
      31
      36
      31
      25
      29
      35
      31
      30
      33
      33
      30
      33
      35
      34
      32
      30
      26
      23
      25
      31
      43
      27
      33
      44
      42
      31
      35
      40
      38
      28
      31
      34
      32
      36
      31
      37
      34
      44
      28
      43
      42
      32
      31
      30
      38
      46
      34
      39
      34
      37
      44
      31
      41
      31
      44
      34
      40
      42
      54
      40
      45
      44
      38
      44
      38
      42
      31
      41
      35
      43
      34
      38
      33
      45
      48
      37
      39
      39
      47
      40
      49
      47
      30
      34
      40
      39
      25
      33
      34
      46
      39
      41
      26
      51
      51
      45
      33
      47
      50
      35
      36
      37
      41
      46
      47
      37
      23
      52
      46
      40
      41
      51
      46
      34
      53
      59
      52
      53
      57
      48
      49
      48
      48
      53
      42
      54
      40
      45
      42
      44
      59
      47
      58
      46
      50
      55
      51
      48
      51
      43
      68
      57
      55
      64
      59
      52
      60
      65
      53
      63
      57
      61
      52
      46
      55
      62
      57
      53
      67
      66
      63
      70
      52
      59
      68
      57
      56
      63
      61
      59
      66
      74
      54
      66
      72
      73
      65
      72
      69
      70
      51
      61
      72
      73
      67
      80
      83
     100
      85
      86
      73
      75
      81
      86
      84
      87
      77
      81
      94
      98
      99
      97
      89
      91
     105
      94
      81
     104
      86
     122
     120
     113
      95
     113
     105
     114
     148
     129
     119
     126
     109
     125
     131
     127
     108
     133
     146
     139
     119
     118
     123
     136
     124
     108
     132
     132
     125
     116
     110
     128
     154
     138
     118
     122
     127
     145
     144
     136
     175
     121
     119
     132
     121
     128
     117
     108
     131
     133
     124
     135
     130
     131
     118
     116
     125
     129
     128
     135
     124
     134
     124
     132
     132
      95
     121
     151
     120
     131
     143
     152
     130
     136
     137
     145
     126
     111
     136
     142
     154
     141
     134
     141
     142
     138
     121
     142
     125
     144
     137
     134
     139
     141
     140
     147
     148
     136
     136
     152
     149
     141
     133
     122
     137
     137
     149
     179
     172
     161
     144
     153
     165
     170
     149
     156
     165
     171
     154
     183
     154
     148
     179
     166
     168
     165
     162
     179
     187
     166
     190
     180
     199
     183
     212
     195
     206
     187
     192
     214
     198
     206
     202
     195
     203
     196
     237
     191
     234
     222
     226
     247
     259
     224
     245
     218
     260
     239
     265
     249
     262
     261
     268
     245
     313
     276
     294
     314
     303
     305
     310
     325
     323
     362
     322
     351
     381
     416
     437
     434
     492
     538
     651
     697
     876
     969
    1194
    1355
    1555
    1863
    2210
    2512
    2756
    3049
    3326
    3525
    3668
    3907
    4121
    4074
    3963
    4111
    3755
    3889
    3516
    3359
    3201
    3129
    3132
    3005
    3097
    3207
    3463
    3832
    4091
    4433
    4895
    5303
    5584
    6195
    6308
    6387
    6745
    6710
    6620
    6343
    6157
    5774
    5325
    4837
    4372
    3816
    3396
    2989
    2573
    2180
    1814
    1573
    1317
    1098
     923
     766
     626
     539
     437
     354
     294
     251
     194
     190
     134
     148
     115
      94
      73
     103
      84
      90
      82
      83
      69
      78
      72
      70
      53
      72
      74
      53
      52
      70
      71
      61
      57
      57
      59
      73
      57
      57
      59
      60
      54
      44
      66
      48
      55
      57
      49
      67
      62
      62
      62
      58
      50
      57
      51
      61
      48
      63
      53
      52
      72
      69
      59
      75
      50
      63
      43
      54
      76
      66
      50
      69
      63
      72
      86
      76
      58
      62
      73
      68
      70
      53
      63
      65
      52
      86
      62
      67
      64
      79
      92
      64
      76
      77
      59
      70
      71
      79
      77
      96
      89
      87
      80
      89
      85
      88
      89
      95
     106
     108
      93
     106
      81
     100
     100
     102
      98
     108
     120
      96
     112
     114
     101
     115
     120
     108
     119
     101
     112
     119
     128
     126
     109
     114
     137
     130
     124
     115
     125
     146
     121
     133
     147
     126
     134
     141
     144
     184
     132
     151
     179
     187
     181
     186
     214
     234
     292
     300
     401
     410
     507
     552
     616
     802
     897
     990
    1149
    1248
    1223
    1414
    1445
    1504
    1593
    1536
    1563
    1540
    1473
    1358
    1313
    1274
    1183
    1046
     985
     892
     718
     658
     582
     508
     447
     407
     342
     288
     274
     218
     191
     182
     160
     126
     135
     110
     124
     115
     140
     134
     134
     166
     164
     247
     190
     237
     250
     269
     264
     322
     374
     376
     374
     392
     402
     440
     348
     354
     349
     321
     329
     288
     243
     236
     227
     201
     201
     151
     137
     115
     107
      98
      67
      73
      56
      51
      39
      31
      48
      22
      21
      19
      16
      21
      17
      20
       6
      16
       8
      13
      12
      14
       6
      10
      15
      12
       9
      14
       3
       5
      11
      13
      10
       5
       9
      12
       8
       9
       8
       7
       8
      11
      12
       9
      13
       6
       9
       8
      10
       8
       8
       4
       7
       7
       8
       8
       6
       5
       3
       7
       7
       9
       6
       9
      10
      10
       7
       7
       2
      10
       7
      11
      10
       7
       4
       4
       5
       6
       9
       4
       7
       8
      12
      11
       8
      11
       5
       3
       8
       7
       5
       6
      10
      11
      11
      10
       4
       5
       5
       3
       2
       4
       6
       7
      13
       9
       5
       7
       5
       2
       4
       7
       3
       8
       7
       8
       6
       4
       6
      10
       7
       3
       9
       7
       8
       6
       4
       6
       9
       5
       7
       4
       6
       5
       5
       5
      13
       7
       6
       7
       4
      11
       5
       9
       4
       7
       5
       5
       9
       2
       3
       8
       9
       4
      11
       9
       8
       4
       8
      10
       3
       5
      11
       7
       3
       5
      10
       3
       7
      11
       3
       6
       7
       7
       3
      11
       6
       2
       6
       4
       6
       2
       5
       9
       6
       6
       3
       5
       5
       4
       6
      10
       7
       4
       8
       6
       8
       9
       3
       4
       6
      12
       7
       8
       4
      11
       4
      10
       4
       4
       7
       6
       5
       4
       6
       4
       8
      11
       9
       9
      10
      14
      14
      22
      29
      16
      35
      42
      48
      39
      62
      68
      69
      76
      78
      94
      97
     107
      90
     106
     110
      92
      91
      77
      80
      64
      63
      51
      59
      39
      33
      29
      27
      22
      18
      17
      21
      17
      15
      15
      16
      10
       5
       6
       3
       4
       6
       4
       2
       2
       0
       0
       2
       1
       0
       0
       1
       1
       1
       0
       1
       0
       0
       0
       2
       1
       2
       0
       2
       1
       1
       0
       1
       1
       2
       1
       1
       0
       0
       0
       3
       0
       0
       1
       1
       1
       1
       1
       0
       3
       0
       0
       0
       1
       0
       1
       1
       2
       0
       0
       0
       0
       0
       0
       0
       0
       0
       0
       0
       0
       0
       0
       0
       0
       0
       0
       0
       0
       0
       0
       0
       0
       0
       0
       0
       0
       0
       0
       0
       0
$ROI:
0
$PRESETS:
Live Time
100
0
$ENER_FIT:
0.000000 0.000000
$MCA_CAL:
3
0.000000E+000 0.000000E+000 0.000000E+000 
$SHAPE_CAL:
3
0.000000E+000 0.000000E+000 0.000000E+000
