$SPEC_ID:
No sample description was entered.
$SPEC_REM:
DET# 1
DETDESC# PHY-R11-68 MCB 129
AP# Maestro Version 7.01
$DATE_MEA:
03/08/2019 11:26:29
$MEAS_TIM:
100 100
$DATA:
0 2047
       0
       0
       0
       0
       0
       0
       0
       0
       0
       0
       0
       0
       0
       0
       0
       0
       0
       0
       0
       0
       0
       0
       0
       0
       0
       0
       0
       0
       0
       0
       0
       0
       0
       0
       0
       0
       0
       0
       0
       0
       0
       0
       0
       0
       0
       0
       0
       0
       0
      10
      48
      41
      56
      41
      42
      39
      47
      47
      32
      51
      34
      41
      26
      29
      43
      41
      41
      38
      28
      36
      30
      36
      23
      27
      30
      33
      41
      34
      36
      33
      37
      33
      45
      37
      23
      28
      39
      22
      30
      32
      21
      30
      26
      28
      35
      26
      33
      39
      14
      23
      30
      41
      17
      26
      19
      25
      28
      29
      29
      21
      33
      37
      25
      28
      23
      27
      27
      25
      34
      25
      19
      25
      20
      29
      28
      28
      33
      20
      23
      24
      21
      20
      26
      22
      21
      13
      23
      27
      20
      25
      32
      25
      23
      20
      19
      20
      20
      17
      23
      34
      19
      20
      24
      15
      26
      17
      18
      31
      15
      24
      15
      19
      34
      16
      28
      17
      21
      20
      14
      22
      25
      17
      23
      23
      23
      18
      23
      22
      26
      21
      13
      18
      23
      17
      24
      28
      27
      26
      22
      17
      23
      16
      19
      23
      25
      26
      33
      19
      21
      24
      20
      28
      21
      31
      24
      18
      28
      29
      27
      16
      14
      27
      22
      26
      14
      14
      24
      24
      25
      30
      16
      24
      22
      24
      22
      25
      20
      21
      38
      28
      16
      17
      21
      18
      20
      25
      16
      18
      21
      20
      15
      29
      20
      19
      15
      19
      15
      23
      18
      25
      12
      18
       9
      22
      16
      16
      24
      21
      19
      23
      24
      25
      17
      20
      16
       7
      15
      12
      19
      15
      14
      10
      15
      10
      20
      12
       9
      12
      16
      23
      14
      10
      13
      12
      12
       9
      15
      15
      20
      10
      16
      13
      10
      16
      11
       9
       7
       9
      16
      12
      14
      10
       9
      16
      15
      17
       7
      12
       8
       9
       9
       9
      10
      14
      11
       9
      11
      14
      10
      11
      14
      15
      11
       7
      15
       4
       9
      14
       8
      11
      16
       8
      11
      15
      10
      16
       9
       6
       8
      10
      10
      11
       6
       9
      15
       8
       4
       7
       8
       3
       8
       3
      12
      12
       8
       6
       9
       7
      14
       8
       9
       5
      11
       8
       7
       4
       4
       4
       5
       9
       9
       5
       6
       9
       9
       3
       4
       6
       5
       7
       2
       5
      12
       7
       5
       4
       6
       4
       7
       4
       5
       4
       1
       7
       1
       4
       3
       7
       9
       1
       4
      10
       6
       7
       6
       3
       3
       2
       2
       2
       4
       4
       8
      11
       6
       3
       4
       5
       5
       3
       4
       4
       5
       5
       4
       5
       8
       5
       4
       5
       5
       3
       4
       4
       5
       6
       8
       6
       4
       3
       6
       5
       6
       6
       4
       4
       2
       2
       2
       4
       3
       6
       5
       2
       5
       2
       2
       6
       3
       0
       3
       3
       5
       3
       6
       3
       5
       1
       5
       0
       2
       1
       4
       1
       1
       4
       8
       4
       4
       4
      11
       4
       0
       5
       2
       4
       4
       7
       3
       5
       2
       2
       3
       5
       3
       2
       5
       6
       6
       2
       2
       1
       5
       3
       7
       4
       4
       2
       3
       5
       3
       1
       3
       5
       2
       5
       3
       5
       6
       2
       3
       6
       3
       5
       3
       6
       0
       5
       3
       1
       7
       3
       4
       4
       4
       2
       3
       2
       3
       9
       3
       3
       2
       6
       2
       6
       3
       3
       3
       4
       2
       6
       4
       1
       7
       4
       8
       9
       9
       7
      11
       9
      16
      11
      18
      19
      13
      18
      10
      19
      18
      10
      16
      12
       3
      11
      10
       4
       3
       7
       3
       4
       6
       3
       5
       9
       2
       6
       4
       4
       3
       6
       6
       5
       6
       6
       1
       2
       2
       5
       5
       7
       5
       4
       1
       3
       6
       2
       5
       4
       5
       2
       3
       9
       5
       6
       4
       8
       3
       5
       3
       4
       1
       6
       3
       9
       6
       7
       5
       2
      10
       7
      13
       9
      11
       2
       9
      13
      11
       6
       8
       7
       6
      10
      10
      16
       8
       6
       9
       6
      11
       7
      12
       9
       9
      13
      11
      10
      12
      11
      13
      18
      10
      16
       9
      11
      12
      16
      14
      12
      19
      14
      18
       9
      20
      19
      19
      20
      13
      17
      18
      16
      22
      18
      28
      15
      22
      26
      20
      30
      22
      30
      22
      28
      32
      43
      48
      34
      52
      61
      85
      95
     129
     156
     205
     255
     331
     394
     498
     616
     788
     891
    1082
    1296
    1396
    1494
    1646
    1876
    1839
    1880
    1872
    1796
    1738
    1654
    1530
    1327
    1179
     992
     812
     674
     577
     442
     334
     220
     163
     131
      96
      64
      56
      35
      25
      27
       8
       8
      12
      12
       8
       7
       5
       5
       6
      10
       6
       5
      15
       5
       4
       4
       6
       7
       5
       9
      13
      13
       7
       6
       2
       7
      11
       8
       8
      11
      16
      14
       9
      14
      22
      10
      12
      18
      26
      23
      21
      23
      21
      13
      20
      22
      18
      24
      17
      25
      31
      31
      27
      29
      45
      48
      87
      93
     103
     139
     180
     207
     250
     308
     332
     385
     430
     439
     437
     490
     450
     493
     463
     422
     367
     310
     304
     264
     222
     180
     200
     169
     142
     128
     124
     110
     109
     101
      99
      85
      67
      64
      48
      43
      37
      28
      25
      26
      18
      10
       6
       9
       4
       6
       1
       5
       0
       1
       4
       0
       0
       2
       1
       0
       0
       1
       2
       3
       4
       1
       2
       3
       2
       2
       2
       3
       2
       2
       1
       0
       1
       4
       2
       1
       1
       4
       0
       0
       3
       4
       0
       7
       2
       5
       0
       4
       4
       2
       2
       2
       1
       3
       3
       2
       1
       4
       2
       4
       2
       3
       0
       0
       0
       1
       2
       0
       1
       2
       1
       3
       1
       1
       2
       3
       3
       1
       2
       2
       0
       1
       0
       1
       2
       0
       0
       0
       0
       1
       0
       1
       4
       3
       0
       2
       0
       0
       0
       0
       0
       1
       0
       2
       1
       3
       0
       1
       1
       1
       1
       3
       0
       1
       1
       2
       1
       1
       0
       0
       3
       1
       1
       0
       1
       0
       0
       0
       1
       0
       1
       1
       0
       3
       2
       2
       2
       1
       1
       0
       3
       2
       0
       3
       1
       0
       2
       0
       3
       0
       0
       2
       1
       1
       0
       2
       2
       0
       3
       1
       0
       0
       0
       0
       1
       0
       0
       1
       1
       1
       0
       1
       0
       1
       0
       2
       1
       3
       2
       2
       0
       0
       1
       0
       1
       1
       1
       2
       1
       0
       0
       1
       1
       2
       1
       3
       1
       1
       1
       2
       1
       1
       2
       0
       0
       1
       1
       0
       1
       1
       1
       2
       1
       0
       2
       0
       2
       0
       1
       3
       1
       1
       3
       0
       1
       3
       0
       1
       0
       1
       0
       0
       0
       0
       1
       1
       1
       1
       2
       0
       1
       1
       1
       2
       1
       0
       1
       1
       3
       3
       0
       2
       0
       2
       1
       1
       0
       0
       1
       2
       0
       1
       0
       1
       1
       0
       1
       1
       1
       1
       1
       1
       0
       3
       1
       2
       1
       1
       1
       3
       2
       0
       3
       0
       3
       0
       2
       1
       1
       1
       0
       2
       0
       0
       0
       1
       2
       1
       1
       1
       2
       2
       1
       3
       3
       0
       1
       3
       2
       2
       2
       1
       2
       2
       1
       1
       2
       1
       2
       0
       0
       2
       1
       3
       0
       1
       0
       4
       0
       0
       0
       1
       2
       2
       3
       3
       0
       2
       1
       0
       3
       1
       1
       2
       1
       2
       2
       4
       3
       2
       4
       1
       2
       5
       4
       0
       1
       1
       2
       2
       1
       0
       2
       0
       1
       2
       5
       1
       3
       2
       1
       2
       3
       2
       1
       0
       2
       3
       4
       5
       2
       1
       3
       1
       4
       3
       1
       1
       3
       2
       2
       1
       2
       1
       2
       3
       4
       5
       3
       1
       8
       3
       1
       4
       0
       1
       4
       3
       1
       2
       2
       1
       2
       3
       2
       1
       3
       4
       2
       1
       2
       0
       1
       2
       4
       3
       2
       1
       4
       3
       2
       5
       3
       2
       1
       3
       1
       1
       1
       1
       4
       2
       6
       3
       2
       1
       3
       2
       8
       2
       3
       3
       1
       1
       6
       2
       2
       3
       0
       6
       1
       4
       2
       4
       1
       2
       3
       5
       2
       2
       2
       2
       3
       3
       2
       3
       3
       9
       5
       1
       3
       2
       2
       4
       3
       6
       3
       5
       4
       9
       3
       1
       4
       2
       4
       1
       3
       3
       3
       3
       5
       4
       5
       7
       1
       7
       3
       5
       8
       5
       7
       2
       6
       6
       1
       6
       9
       4
       3
       6
       5
       4
       5
       7
       3
       3
       3
       6
       2
       6
       5
       5
       1
       6
       6
       5
       4
       3
      11
       9
       4
       8
       7
       6
       9
       9
       7
       6
       1
       1
       7
       9
       9
       6
       3
       6
       7
       4
       6
       1
       6
       6
       7
      12
       6
       7
       6
       7
       5
      10
       4
      10
       6
      11
       6
       6
      10
       9
      12
      12
       8
       5
       6
       8
       8
       8
       9
       5
       9
       8
       6
      11
      13
       3
      13
      14
       9
       5
       8
       5
       6
       5
       6
      10
       6
       6
      11
      11
      12
       9
      11
      11
      10
      12
       7
      11
       8
      20
       6
       5
       7
      14
       9
      10
      16
       5
      12
       9
       9
       9
      13
       8
      12
      10
      11
      12
       5
       9
      13
      12
      22
      14
      16
      13
      14
      15
      15
      17
      23
      18
      14
      16
      20
      17
      17
       9
      16
      14
      13
      13
      18
      22
      16
      16
      18
      11
      22
      15
      16
      14
      20
      18
      12
      13
      21
      17
      10
      14
      22
      24
      27
      19
      23
      14
      21
      25
      22
      22
      31
      29
      25
      33
      30
      23
      36
      21
      29
      18
      21
      36
      30
      36
      33
      34
      33
      24
      36
      28
      33
      34
      41
      33
      36
      38
      47
      26
      37
      36
      31
      37
      51
      62
      40
      34
      57
      54
      51
      60
      60
      57
      64
      63
      62
      49
      78
      72
      63
      67
      62
      79
      76
      77
      84
      79
      67
      70
      77
      86
      67
      97
      70
      83
      92
      57
      67
      73
      76
      69
      70
      69
      75
      67
      79
      74
      57
      71
      58
      53
      43
      54
      51
      49
      59
      59
      45
      50
      47
      42
      53
      43
      39
      37
      34
      38
      40
      28
      36
      52
      35
      25
      38
      28
      41
      23
      30
      31
      30
      27
      31
      22
      28
      36
      20
      23
      24
      17
      27
      17
      21
      23
      39
      20
      18
      25
      25
      14
      18
      18
      22
      10
      16
      21
      23
      15
      14
      15
      27
       7
      19
      12
      15
      22
      12
       9
      15
      12
      10
      10
      14
      12
      16
      13
      12
      10
      12
      17
       7
       7
      19
       9
      15
      11
       7
       9
       9
      16
      10
      12
       8
       9
      11
      13
       8
       7
       9
      12
       9
      16
      10
       8
      11
       7
       9
       7
       8
      11
      11
       8
       8
       5
       8
       4
      10
       9
       6
       6
       8
      11
       7
       5
       8
       4
       5
       7
      10
       5
       2
       8
      15
       6
       5
       9
      10
       7
       8
       4
       9
       7
       6
       3
       5
      10
      12
       6
       6
       5
       3
      11
       7
       6
       3
       7
       5
       6
       3
       6
       5
       6
       4
       3
       2
       4
       9
       4
       5
       5
       6
       5
       1
       3
       6
       8
       9
       4
       8
       7
       8
       8
       4
       8
       5
       7
       4
       2
       5
       8
       4
       5
       9
       3
       8
       5
       4
       4
       6
       7
       4
       8
       9
       8
       7
       6
      10
       8
       3
      11
      11
       6
       5
       5
      10
       5
      13
       5
       8
       4
       5
       5
       9
       6
       6
       5
       4
       4
       2
       3
       8
      10
       4
       6
       4
       7
       6
       5
       7
       3
       5
       3
       8
       2
       6
       5
       8
       3
       3
       4
      11
       6
       3
       4
       8
       3
      11
       4
       4
       8
       5
       8
       6
       8
      10
       9
       1
       4
      12
       6
       5
       9
       6
       9
       5
       6
       8
       9
       2
       7
       6
      10
       8
       6
       6
       3
       4
       3
      14
       6
      13
       8
       2
       5
       3
       9
       5
      12
       5
       9
       8
       9
       7
      13
      11
       5
       8
       3
       3
       6
       5
       7
       4
      12
      13
      10
      17
      16
      26
      20
      28
      39
      32
      39
      39
      50
      67
      91
      84
      80
      90
      88
      81
     112
      88
      71
      85
      77
      65
      63
      37
      32
      33
      23
      23
      16
      14
      20
       6
      17
       8
      10
       5
       5
       2
       1
       2
       1
       5
       1
       0
       2
       3
       0
       0
       0
       1
       1
       1
       0
       0
       0
       0
       0
       0
       1
       1
       0
       1
       0
       0
       0
       0
       0
       0
       1
       0
       0
       0
       1
       0
       0
       0
       0
       1
       0
       1
       1
       0
       0
       0
       0
       0
       0
       0
       0
       0
       0
       3
       0
       0
       0
       0
       0
       0
       0
       0
       0
       0
       0
       0
       0
       0
       0
       0
       0
       0
       0
       0
       0
       0
       0
       0
       0
       0
       0
       0
       0
       0
       0
       0
       0
$ROI:
0
$PRESETS:
Live Time
100
0
$ENER_FIT:
0.000000 0.000000
$MCA_CAL:
3
0.000000E+000 0.000000E+000 0.000000E+000 
$SHAPE_CAL:
3
0.000000E+000 0.000000E+000 0.000000E+000
