$SPEC_ID:
No sample description was entered.
$SPEC_REM:
DET# 1
DETDESC# PHY-R11-68 MCB 129
AP# Maestro Version 7.01
$DATE_MEA:
03/08/2019 11:31:01
$MEAS_TIM:
100 100
$DATA:
0 2047
       0
       0
       0
       0
       0
       0
       0
       0
       0
       0
       0
       0
       0
       0
       0
       0
       0
       0
       0
       0
       0
       0
       0
       0
       0
       0
       0
       0
       0
       0
       0
       0
       0
       0
       0
       0
       0
       0
       0
       0
       0
       0
       0
       0
       0
       0
       0
       0
       0
      18
      44
      59
      47
      48
      44
      51
      57
      54
      47
      46
      42
      48
      53
      54
      49
      39
      42
      54
      38
      45
      49
      41
      51
      36
      54
      58
      47
      55
      56
      60
      41
      48
      57
      60
      52
      52
      39
      39
      54
      52
      37
      47
      49
      33
      43
      34
      60
      45
      50
      46
      44
      45
      58
      41
      42
      46
      37
      58
      43
      56
      38
      50
      37
      47
      47
      39
      44
      41
      46
      32
      43
      39
      36
      29
      37
      33
      36
      32
      33
      32
      32
      36
      35
      32
      32
      29
      29
      27
      25
      43
      24
      34
      26
      24
      25
      38
      31
      24
      27
      24
      34
      27
      41
      25
      23
      24
      28
      27
      28
      21
      22
      27
      24
      21
      21
      25
      22
      23
      21
      24
      27
      20
      23
      12
      23
      21
      18
      25
      23
      34
      25
      23
      11
      28
      24
      14
      27
      15
      22
      17
      19
      26
      26
      19
      31
      25
      23
      19
      20
      28
      11
      22
      18
      23
      23
      25
      23
      25
      25
      19
      20
      19
      19
      22
      20
      20
      14
      19
      16
      20
      27
      20
      25
      21
      21
      16
      21
      22
      24
      19
      27
      18
      17
      25
      23
      18
      11
      19
      20
      18
      23
      21
      23
      18
      17
      17
      18
       9
      19
      16
      16
      14
      19
      18
      27
      16
      16
      22
      13
      19
      16
      14
      18
      16
       8
      14
      19
      13
      10
      21
      10
      13
      15
      15
      13
      17
      10
      18
      11
      18
       6
      12
      12
       9
      15
      11
       9
      11
      14
      10
      11
       7
       8
      15
      14
      11
       5
      11
      17
       9
      12
       6
      15
      13
       7
       8
      16
       9
      12
       5
       7
      13
       6
      12
       5
       8
      11
       9
       9
       5
       8
       8
      13
      12
       5
       9
      11
       8
      11
      15
      11
      15
       6
       7
       5
       2
      14
       8
       3
      10
      13
       8
       7
      11
       6
       8
       4
       6
       7
       4
       6
       7
      12
       7
       9
       7
       5
       6
       6
       6
      11
      10
       7
       4
       5
       4
       6
      10
       9
       6
       7
       3
       9
       9
       3
       5
       6
       7
       1
       5
       3
       4
       5
       7
       5
       7
       4
       7
       6
       8
       2
       5
       3
       3
       4
       3
       2
       6
       3
       3
       2
       6
       4
       4
       3
       3
       1
       1
       6
       2
       5
      10
       4
       6
       5
       2
       0
       4
       3
       4
       5
       2
       4
       2
       8
       5
       9
       5
       3
       4
       9
      13
       9
      10
       7
      14
      13
       8
      11
       4
       5
       3
       5
       4
       7
       8
       4
       5
       3
       6
       5
       6
       7
       3
       8
       8
       7
       7
       6
       5
       9
      12
       9
      10
       8
       9
       6
       7
       3
       5
       3
       3
       2
       6
       0
       3
       4
       2
       0
       2
       5
       4
       3
       1
       3
       4
       5
       1
       5
       6
       3
       5
       3
       5
       3
       1
       3
       3
       6
       1
       3
       2
       2
       4
       1
       3
       3
       1
       4
       5
       7
       2
       1
       3
       3
       6
       2
       4
       5
       5
       4
       5
       4
       3
       3
       2
       7
       2
       5
       4
       3
       2
       3
       1
       3
       3
       3
       7
       4
       5
       2
       5
       0
       3
       4
       4
       2
       0
       4
       1
       2
       2
       1
       1
       3
       6
       4
       2
      10
       6
       5
       6
      11
      15
      12
       8
       9
       9
       8
      15
      14
      12
       8
       3
      10
       8
       7
       4
       6
       4
       4
       3
       6
       2
       3
       2
       1
       3
       1
       2
       3
       1
       4
       4
       1
       1
       2
       2
       3
       1
       4
       1
       3
       3
       1
       2
       1
       4
       1
       1
       5
       1
       1
       5
       2
       1
       0
       2
       2
       1
       2
       2
       1
       3
       5
       4
       0
       2
       3
       3
       4
       1
       1
       1
       4
       5
       5
       4
       1
       2
       3
       7
       6
       7
       5
       3
       4
       5
       2
       2
       4
       1
       2
       2
       2
       2
       3
       0
       4
       1
       0
       1
       3
       0
       2
       0
       2
       0
       3
       1
       3
       2
       6
       1
       2
       3
       1
       0
       4
       6
       4
       1
       5
       0
       2
       4
       1
       4
       3
       2
       1
       2
       4
       2
       3
       3
       2
       3
       1
       1
       1
       1
       6
       2
       1
       1
       1
       1
       1
       4
       1
       2
       2
       4
       3
       3
       2
       6
       2
       2
       2
       3
       3
       1
       3
       4
       4
       2
       3
       4
       5
       6
       1
       3
       3
       0
       4
       2
       2
       1
       3
       7
       1
       4
       3
       5
       4
       4
       1
       1
       4
       3
       4
       2
       4
       3
       2
       5
       9
       2
       3
       5
       6
       4
       2
       2
       2
       1
       6
       6
       5
       5
       8
      12
      14
      13
      21
      20
      18
      19
      26
      31
      30
      36
      25
      34
      33
      36
      26
      22
      34
      19
      22
       8
       8
      13
      13
      13
       7
       8
      11
       6
       7
       7
       3
       6
       3
       4
       2
       4
       3
       9
       6
       4
       7
       4
       7
       5
       4
       4
       5
       4
       2
       6
       5
       2
       2
       7
       7
       5
       5
       5
       5
       5
       5
       7
       3
       6
       6
       8
       6
       0
       3
       3
       3
       5
       9
       1
       5
       4
       2
       3
       7
       6
       4
       3
       7
       6
       8
       1
       2
       4
       9
      11
       9
       7
       4
       8
       3
       4
       2
       3
       6
       8
       7
       9
       7
       3
       7
      10
      11
       7
      12
      15
      18
      10
       5
      15
       5
       6
      14
      12
      12
      15
       6
      11
      10
       9
       7
       4
       6
       5
       9
       9
       8
       5
       8
       7
       7
       8
       3
       8
      10
       3
      11
      11
       6
      21
       9
      12
       9
      12
       7
      11
      11
      14
       8
      15
      10
      17
      12
      13
      17
      14
      10
      14
      16
      18
      11
      14
      14
      17
      12
      11
      17
      19
      17
      13
      20
      16
      20
      12
      13
      17
      21
      23
      24
      15
      21
      20
      20
      11
      17
      21
      22
      17
      16
      17
      19
      13
      15
      15
      16
      12
      20
      19
      15
      19
      13
      18
      19
      21
      15
      19
      19
      27
      28
      13
      12
      24
      19
      20
      13
      19
      20
      24
      26
      25
      18
      25
      19
      28
      31
      25
      20
      32
      29
      32
      27
      22
      31
      36
      28
      30
      43
      45
      43
      54
      68
      74
      90
      99
     121
     151
     193
     240
     245
     356
     352
     478
     464
     592
     593
     733
     804
     811
     901
     970
     969
    1024
    1104
    1118
    1199
    1195
    1242
    1226
    1267
    1243
    1151
    1118
    1014
    1014
     955
     848
     708
     604
     498
     425
     343
     260
     198
     147
     128
      74
      53
      49
      38
      31
      33
      19
      19
       6
      13
       9
       8
      14
       7
      11
       8
       9
       8
       5
       2
       5
       4
       0
      10
      10
       5
       6
       1
       6
       6
       5
       8
       4
       9
       4
       5
       8
       3
       9
       7
       7
       4
       2
       4
       3
       6
       5
       5
       9
       7
       8
       5
       7
       5
       5
       6
       7
       1
       9
       7
       6
      13
       2
       8
       7
       7
       9
       8
       7
       9
       7
       8
       8
      10
       8
       3
       6
       4
      10
      10
      10
      10
      11
      11
       5
      13
      11
       7
       5
      11
      13
      16
      14
       9
      15
      13
      15
      11
      17
      12
      14
      18
      20
      31
      36
      50
      69
      61
      76
      99
     106
     160
     167
     214
     244
     259
     287
     291
     301
     328
     365
     317
     333
     272
     300
     233
     204
     181
     162
     130
     114
      98
      78
      60
      55
      37
      45
      31
      32
      37
      37
      40
      45
      73
      54
      69
      70
      70
     105
     108
      77
      69
      63
      60
      72
      56
      54
      56
      35
      31
      27
      25
      11
      13
      12
      13
       6
       8
       6
       1
       7
       3
       2
       2
       2
       1
       3
       1
       3
       2
       1
       3
       0
       4
       1
       1
       3
       1
       2
       0
       2
       0
       1
       4
       3
       4
       5
       0
       0
       2
       1
       2
       2
       4
       2
       1
       4
       2
       0
       3
       2
       5
       2
       2
       3
       2
       5
       4
       1
       2
       3
       2
       6
       5
       2
       3
       4
       1
       1
       1
       3
       2
       2
       5
       5
       3
       1
       0
      10
       2
       2
       2
       0
       5
       2
       3
       2
       5
       0
       1
       4
       1
       2
       2
       5
       2
       8
       4
       3
       3
       1
       4
       4
       5
       0
       3
       3
       4
       1
       6
       3
       5
       3
       2
       8
       3
       4
       3
       4
       3
       4
       3
       4
       3
       1
       2
       4
       2
       6
       6
       4
       5
       5
       3
       2
       3
       3
       5
       6
       5
       2
       3
       3
       5
       4
       4
       3
       8
       1
       6
       3
       6
       5
       2
       6
       4
       4
       7
       7
       7
       1
       4
       7
       5
       2
       1
       5
       5
       3
       2
       2
       5
       8
       7
       4
       2
       4
       9
       5
       7
       3
       6
       6
       4
       7
       4
       7
       4
       6
       5
       7
       8
       3
       5
       4
       7
       7
       4
       5
       4
       7
       2
       7
       7
       5
       8
       2
      15
       6
       4
      12
       9
       8
       9
       4
       6
       4
       7
       5
       8
       7
      10
       8
      11
       4
       6
      10
       5
      17
       8
       7
       8
       8
       9
      13
       7
       5
       9
       6
       6
      12
       5
       5
       9
      16
       5
       9
       7
      11
      11
      10
       9
      15
       9
       8
      12
       9
       6
      13
       6
      13
      12
      10
      11
      12
      20
      12
      15
      16
      12
      14
      11
       5
       7
      10
      10
      13
      12
      18
       6
      10
      14
       9
      16
      16
      12
      13
      13
      16
      16
      12
      11
      15
      18
      19
      26
      12
      13
      22
      16
      20
      24
      21
      26
      16
      21
      21
      25
      21
      18
      23
      24
      26
      25
      29
      35
      25
      21
      19
      29
      33
      24
      28
      29
      29
      28
      37
      26
      31
      44
      31
      27
      44
      37
      43
      52
      46
      38
      50
      40
      44
      37
      62
      51
      53
      50
      49
      65
      44
      55
      59
      55
      68
      58
      62
      50
      68
      59
      65
      70
      57
      69
      70
      55
      73
      74
      62
      80
      78
      75
      65
      75
      53
      67
      72
      88
      76
      53
      77
      70
      70
      53
      65
      55
      62
      51
      51
      48
      50
      47
      63
      55
      52
      43
      49
      45
      43
      50
      34
      49
      43
      43
      29
      38
      38
      37
      34
      21
      36
      32
      27
      29
      23
      26
      29
      32
      21
      28
      20
      33
      27
      25
      27
      22
      19
      18
      25
      20
      22
      22
      30
      22
      21
      18
      16
      13
      10
       7
      18
      16
      16
      10
      16
      23
      14
      13
      14
      17
      11
      16
       6
      15
       9
      17
      12
      23
      12
      15
       9
      10
      14
       5
      10
      11
      11
       7
       8
       9
       6
      12
      11
       9
       8
       8
       7
       4
       7
       7
       9
      11
       7
       7
       2
       6
      10
      10
      10
       7
      10
      11
       8
       9
       9
      12
       1
       6
       6
      12
       7
       6
      12
       6
       8
       7
       5
       9
       8
       5
       4
       5
       7
       6
       6
       6
       2
       8
       9
       7
       4
       5
       8
      11
       5
       7
       6
      10
       6
       5
       5
       9
       9
       3
       3
       6
      10
       7
       6
      10
       8
       8
       5
       3
       7
       6
       9
      13
       8
       5
       4
      10
       8
       6
       4
       7
       5
       6
       5
       5
      10
       4
       5
       2
       3
       6
       6
       5
       7
       7
       7
      10
       9
       4
       4
       9
       4
      13
       7
       7
       3
       6
       5
       1
       7
       6
      10
      10
       5
       3
       5
      10
       4
       6
       6
       7
       1
       5
       9
       5
       5
       7
       3
       5
       7
       4
      12
       8
       3
       5
       3
       3
       9
       8
       4
       3
       8
       1
       3
       6
       3
       5
       6
       9
       6
       3
       2
       6
       6
       2
       7
       5
       3
       7
       7
       4
       0
       4
       5
       9
       7
       5
       5
       6
       4
       7
       2
       5
       8
       5
       8
       6
       2
       5
       5
       8
       6
       8
       6
       5
       6
       7
       4
       8
       9
       7
       4
       3
       4
       4
       3
       2
      11
       6
       6
       3
       5
       5
       3
       9
       8
      10
       3
      10
       8
       7
      12
       4
       7
       6
       8
       8
       5
       7
       8
       5
       3
       9
       7
      13
      17
      15
      15
      16
      37
      18
      32
      29
      38
      48
      56
      69
      71
      75
      91
      80
      77
      66
      71
      56
      82
      67
      51
      53
      45
      46
      47
      41
      23
      17
      19
      16
      22
      13
       6
       4
       3
       6
       6
       4
       2
       2
       1
       1
       0
       1
       0
       0
       0
       1
       0
       0
       1
       0
       2
       0
       0
       0
       0
       0
       0
       0
       0
       0
       0
       0
       0
       0
       0
       0
       1
       2
       0
       1
       0
       1
       0
       1
       0
       1
       0
       0
       0
       0
       1
       0
       0
       0
       0
       0
       0
       0
       0
       0
       1
       0
       0
       0
       0
       0
       0
       0
       0
       0
       0
       0
       0
       0
       0
       0
       0
       0
       0
       0
       0
       0
       0
       0
       0
       0
       0
       0
       0
       0
       0
       0
       0
$ROI:
0
$PRESETS:
Live Time
100
0
$ENER_FIT:
0.000000 0.000000
$MCA_CAL:
3
0.000000E+000 0.000000E+000 0.000000E+000 
$SHAPE_CAL:
3
0.000000E+000 0.000000E+000 0.000000E+000
