$SPEC_ID:
No sample description was entered.
$SPEC_REM:
DET# 1
DETDESC# PHY-R11-68 MCB 129
AP# Maestro Version 7.01
$DATE_MEA:
03/08/2019 12:06:39
$MEAS_TIM:
100 100
$DATA:
0 2047
       0
       0
       0
       0
       0
       0
       0
       0
       0
       0
       0
       0
       0
       0
       0
       0
       0
       0
       0
       0
       0
       0
       0
       0
       0
       0
       0
       0
       0
       0
       0
       0
       0
       0
       0
       0
       0
       0
       0
       0
       0
       0
       0
       0
       0
       0
       0
       0
       0
      30
      78
      74
      58
      66
      72
      73
      84
      64
      61
      66
      76
      70
      67
      59
      58
      55
      58
      51
      75
      53
      53
      58
      60
      60
      61
      61
      53
      52
      58
      58
      66
      65
      50
      62
      66
      56
      35
      58
      63
      62
      64
      52
      47
      58
      59
      55
      49
      50
      52
      52
      54
      63
      72
      52
      56
      56
      46
      66
      54
      60
      53
      52
      47
      55
      42
      51
      58
      56
      56
      56
      50
      51
      47
      55
      40
      53
      43
      45
      52
      53
      46
      52
      46
      41
      52
      33
      53
      40
      48
      52
      50
      42
      55
      47
      50
      42
      48
      32
      46
      48
      37
      48
      49
      41
      43
      42
      35
      35
      40
      49
      34
      44
      45
      38
      46
      36
      39
      38
      37
      29
      50
      47
      38
      44
      45
      42
      49
      43
      44
      41
      50
      37
      46
      42
      33
      35
      44
      35
      42
      38
      43
      47
      36
      46
      46
      39
      33
      48
      43
      35
      44
      45
      55
      42
      37
      47
      35
      40
      38
      46
      38
      50
      48
      28
      44
      37
      40
      46
      39
      40
      44
      33
      38
      39
      42
      46
      36
      27
      40
      38
      27
      42
      47
      33
      41
      51
      38
      37
      42
      38
      40
      51
      42
      47
      32
      53
      43
      35
      37
      42
      40
      56
      46
      45
      42
      39
      49
      50
      45
      32
      37
      41
      35
      44
      37
      53
      36
      47
      42
      48
      47
      39
      41
      50
      50
      32
      38
      52
      45
      40
      37
      51
      44
      46
      43
      38
      47
      33
      41
      40
      40
      40
      47
      51
      42
      44
      46
      47
      36
      51
      46
      41
      52
      52
      40
      40
      38
      33
      45
      55
      39
      37
      37
      33
      32
      37
      49
      44
      45
      41
      41
      51
      41
      35
      46
      32
      42
      46
      39
      35
      42
      40
      33
      42
      48
      53
      52
      44
      37
      29
      47
      35
      37
      35
      40
      45
      39
      38
      37
      45
      32
      42
      31
      42
      35
      32
      38
      39
      30
      28
      27
      39
      29
      38
      30
      23
      30
      29
      30
      34
      23
      25
      19
      26
      24
      24
      22
      20
      19
      18
      16
      24
      14
      14
      14
      22
      19
      15
      11
      20
       9
      19
      20
      16
      21
      14
       9
      16
      11
      20
      12
      13
      11
      12
      15
      11
      19
      15
      17
      19
      11
      13
      14
      12
       8
      16
       6
      18
       6
       7
      10
      10
       7
       8
       9
      13
      11
      13
      11
       6
       7
       8
      10
       7
       5
      14
       9
       7
       9
      11
      16
       8
      17
      12
       5
       3
       9
      13
       7
      13
       8
      12
      13
       7
       4
       7
      11
       4
       6
       7
       8
       4
       5
      10
      11
       8
      10
      10
      12
       9
       6
       7
       6
       8
       5
       8
       6
      10
       8
       4
      11
      11
       5
       5
       3
       2
       8
       9
       4
       4
       5
       6
       7
       6
       9
      12
      12
      10
       8
       2
      10
      11
       7
       2
       3
       2
       5
      13
       4
       7
       4
       9
       6
       9
      10
       7
       3
       6
       7
       6
       5
       6
       3
       5
       5
       7
       4
       9
       8
       9
       4
       6
       1
       9
       4
       2
       6
       9
       8
       3
       2
       3
       8
       8
       7
       5
       3
       2
       9
       3
       2
       1
       2
       1
       3
       4
       5
       3
       3
       4
       7
       7
       7
       9
       5
       3
       3
       5
       3
       7
       6
       3
       4
       6
       3
       2
       2
       5
       5
       1
       3
       1
       5
      12
       5
       1
       6
       5
       3
       2
       3
       3
       3
       0
       3
       1
       4
       5
       5
       5
       3
       2
       4
       6
       4
       2
       6
       9
       2
       4
       5
       5
       2
       0
       3
       6
       3
       6
       0
       4
       1
       3
       2
       8
       5
       1
       1
       5
       2
       0
       3
       5
       1
       4
       1
       2
       3
       2
       3
       4
       4
       4
       4
       6
       4
       3
       3
       1
       2
       2
       1
       2
       3
       4
       3
       2
       5
       4
       3
       1
       2
       4
       2
       3
       6
       5
       2
       6
       3
       0
       5
       3
       4
       3
       2
       5
       5
       1
       1
       4
       2
       3
       4
       4
       3
       0
       2
       2
       2
       4
       2
       3
       2
       7
       4
       1
       6
       5
       2
       4
       3
       2
       2
       1
       3
       4
       0
       4
       3
       5
       5
       5
       4
       2
       7
       5
       2
       0
       2
       4
       5
       4
       7
       0
       1
       0
       5
       6
       2
       4
       4
       4
       5
       4
       6
       4
       1
       1
       4
       2
       3
       5
       2
       2
       4
       3
       3
       1
       2
       2
       5
       2
       1
       2
       5
       7
       7
       3
       1
       7
       2
       5
       3
       7
       3
       2
       3
       4
       2
       3
       3
       8
       7
      12
      10
      11
      15
      15
      16
      19
      17
      15
      20
      23
      26
      23
      20
      23
      14
      22
      13
      15
      10
      25
      11
       8
      15
       8
       5
       3
       6
       6
       2
       7
       5
       3
       5
       3
       1
       6
       5
       3
       3
       2
       4
       3
       5
       3
       3
       2
       6
       6
       0
       4
       4
       1
       4
       3
       5
       3
       3
       1
       2
       4
       1
       6
       1
       2
       2
       2
       1
       3
       4
       5
       2
       5
       4
       6
       1
       5
       1
       3
       3
       5
       3
       3
       4
       3
       2
       1
       4
       2
       2
       1
       3
       4
       7
       3
       4
       5
       5
       0
       3
       3
       5
       3
       5
       2
       4
       5
       8
      12
       5
       8
       9
       4
       7
       7
      10
       6
       4
       7
       2
       4
       2
       6
       7
       8
       3
       3
       1
       2
       3
       6
       5
       3
       5
       4
       4
       5
       8
       5
       4
       0
       5
       1
       4
       2
       1
       1
       2
       1
       1
       5
       5
       3
       3
       1
       1
       0
       0
       3
       1
       3
       1
       1
       4
       3
       1
       0
       1
       0
       2
       2
       1
       4
       1
       4
       3
       2
       3
       2
       4
       0
       0
       1
       1
       0
       2
       4
       0
       3
       0
       0
       2
       3
       4
       3
       0
       1
       1
       4
       3
       2
       2
       2
       1
       0
       0
       1
       0
       1
       1
       3
       0
       1
       2
       0
       1
       0
       3
       2
       3
       1
       3
       2
       3
       3
       0
       5
       4
       1
       2
       1
       3
       1
       1
       3
       1
       1
       2
       4
       0
       4
       2
       2
       3
       5
       2
       1
       0
       2
       1
       3
       3
       1
       3
       1
       2
       3
       0
       1
       3
       0
       0
       2
       1
       1
       3
       0
       3
       0
       4
       1
       2
       0
       4
       1
       0
       1
       3
       2
       1
       2
       1
       0
       0
       2
       1
       2
       3
       1
       4
       2
       0
       2
       0
       2
       2
       1
       2
       2
       0
       2
       1
       2
       6
       3
       2
       2
       3
       2
       3
       1
       2
       1
       2
       3
       3
       3
       3
       2
       3
       1
       1
       4
       1
       0
       3
       0
       2
       3
       2
       2
       1
       1
       3
       1
       1
       1
       2
       2
       1
       0
       3
       2
       3
       1
       1
       1
       2
       2
       1
       2
       1
       3
       1
       1
       1
       3
       0
       5
       1
       0
       2
       2
       1
       2
       3
       4
       1
       1
       4
       0
       1
       0
       1
       4
       7
       1
       2
       1
       2
       4
       1
       1
       0
       0
       1
       0
       1
       1
       2
       0
       0
       0
       2
       2
       2
       3
       2
       1
       0
       0
       0
       0
       4
       1
       3
       3
       1
       0
       2
       1
       0
       1
       1
       4
       0
       1
       0
       0
       0
       0
       1
       3
       2
       3
       2
       1
       1
       0
       2
       3
       1
       3
       1
       2
       2
       1
       2
       1
       3
       3
       0
       0
       5
       1
       1
       0
       3
       0
       1
       3
       2
       4
       1
       2
       1
       1
       3
       4
       1
       3
       1
       1
       0
       3
       0
       2
       1
       5
       1
       7
       0
       4
       1
       2
       3
       5
       3
       1
       0
       0
       2
       1
       2
       3
       4
       2
       0
       4
       0
       4
       2
       1
       0
       3
       2
       3
       3
       1
       0
       1
       3
       2
       1
       1
       0
       1
       0
       1
       2
       3
       1
       2
       2
       0
       1
       2
       4
       3
       1
       3
       1
       3
       0
       4
       3
       4
       0
       0
       1
       1
       2
       3
       4
       2
       0
       4
       5
       1
       4
       4
       3
       2
       2
       2
       2
       1
       5
       5
       4
       3
       0
       3
       4
       1
       4
       0
       2
       3
       1
       4
       3
       2
       5
       4
       2
       0
       3
       2
       2
       1
       1
       2
       0
       3
       3
       1
       1
       4
       3
       6
       2
       1
       1
       1
       3
       2
       1
       2
       1
       3
       4
       0
       2
       2
       2
       3
       3
       3
       5
       1
       4
       2
       2
       1
       3
       5
       0
       2
       1
       2
       3
       0
       1
       3
       3
       1
       4
       1
       2
       0
       1
       3
       1
       2
       0
       1
       4
       3
       2
       2
       2
       5
       1
       5
       2
       2
       3
       3
       5
       0
       2
       2
       2
       6
       1
       6
       4
       4
       2
       1
       1
       2
       4
       4
       5
       4
       3
       6
       1
       3
       1
       4
       7
       2
       6
       5
       5
       2
       4
       3
       1
       3
       2
       2
       5
       4
       3
       4
       4
       4
       2
       4
       4
       4
       5
       3
       7
       4
       1
       3
       2
       4
       5
       2
       4
       3
       3
       3
       4
       2
       4
       3
       5
       1
       4
       4
       0
       4
       4
       5
       2
       2
       4
       1
       2
       1
       3
       4
       1
       4
       6
       6
       6
       3
       1
       6
       3
       4
       8
       7
       6
       4
       4
       4
       6
       6
       4
       5
      12
       9
       7
       1
       4
       1
       4
       6
       4
       2
       1
       2
       2
       1
       4
       6
       4
       6
       5
       5
       7
       4
       3
       5
       5
       6
       5
       7
       6
       8
       8
       3
       5
       5
       5
       9
       3
       7
       7
       8
       9
       4
       8
       2
       4
       4
       9
       3
       6
       9
       6
       5
       7
       7
       6
       8
       5
      10
       5
       5
       9
      10
       8
       8
      12
       6
       8
       5
       9
       7
       5
       9
      11
      10
      10
       6
      11
       8
      11
      12
      11
       9
       9
      11
       6
      13
       7
       5
       6
       9
       6
       6
       8
       4
       8
       9
       3
       9
      10
       9
       8
      10
       7
      14
       9
       4
      14
       6
       8
       6
       9
      12
       6
       9
      11
      14
       7
       7
       3
      11
      12
       8
       4
      15
       5
       7
      12
       5
      10
       7
       9
       6
       5
       6
       7
      10
      10
      11
      12
       3
       7
       6
       5
      13
      13
       7
      18
       7
       4
       7
       8
       6
       6
      12
       8
       6
       8
      11
       8
       7
       6
       7
      10
      12
       5
      12
       9
       6
       8
       8
       7
      11
       6
       8
       5
       9
       8
       8
      17
      11
       4
      11
       5
      11
       4
      12
      11
      11
      13
      11
       9
       9
       5
       8
       9
       9
      12
       8
      11
      10
      16
      12
      11
       6
       7
       6
       7
       6
      14
       5
       9
       9
       9
      14
       9
       7
      14
       8
       7
      15
       9
      13
       9
      15
      10
       9
       8
      11
       3
       8
      10
       9
       5
      12
       6
      12
      12
       5
       9
      13
       6
       9
      16
       7
       5
      19
      13
       9
       9
       6
       9
       9
       5
      12
       7
      11
       8
       6
      13
       8
      11
       9
      12
      10
      12
      13
       8
       6
      14
       6
      13
       9
       8
      11
      14
      11
      17
       6
       9
      14
      15
      11
      14
      13
      11
       8
      13
      13
       9
       7
      10
       9
      16
      12
      14
      13
      11
      15
       9
      11
      10
      17
       8
      15
      15
       7
      15
      16
      16
      15
      19
      14
      10
      13
      19
      20
      19
      15
      12
      15
      10
      14
      14
      14
       9
      14
      10
      13
      25
      13
      17
      17
      20
      19
      16
      21
      21
      18
      14
      15
      14
      17
      21
      22
      17
      18
      20
      13
      21
      19
      16
      18
      17
      15
      27
      13
      26
      17
      27
      23
      13
      21
      18
      23
      11
      23
      24
      21
      23
      22
      19
      24
      21
      30
      30
      23
      14
      28
      18
      15
      27
      27
      15
      20
      23
      24
      32
      31
      29
      34
      29
      22
      42
      40
      30
      31
      40
      41
      34
      38
      47
      52
      41
      44
      58
      63
      73
      81
      95
     120
     112
     176
     201
     244
     244
     332
     389
     388
     431
     487
     572
     556
     612
     637
     724
     688
     719
     657
     635
     605
     551
     492
     397
     398
     358
     290
     231
     195
     168
     139
     114
      71
      59
      57
      47
      27
      21
      19
      10
       7
       8
       7
       2
       5
       2
       1
       1
       2
       0
       1
       0
       0
       0
       0
       0
       0
       1
       0
       2
       0
       1
       0
       1
       0
       2
       0
       0
       1
       0
       0
       0
       1
       2
       0
       0
       0
       0
       0
       1
       0
       0
       0
       0
       0
       0
       0
       0
       0
       0
       0
       0
       0
       0
       0
       0
       0
       0
       0
       0
       0
       0
       0
       0
       0
       0
       0
       0
       0
       0
       0
       0
       0
       0
       0
       0
       0
       0
       0
       0
       0
       0
       0
       0
       0
       0
       0
$ROI:
0
$PRESETS:
Live Time
100
0
$ENER_FIT:
0.000000 0.000000
$MCA_CAL:
3
0.000000E+000 0.000000E+000 0.000000E+000 
$SHAPE_CAL:
3
0.000000E+000 0.000000E+000 0.000000E+000
