$SPEC_ID:
No sample description was entered.
$SPEC_REM:
DET# 1
DETDESC# PHY-R11-68 MCB 129
AP# Maestro Version 7.01
$DATE_MEA:
03/08/2019 11:07:53
$MEAS_TIM:
100 100
$DATA:
0 2047
       0
       0
       0
       0
       0
       0
       0
       0
       0
       0
       0
       0
       0
       0
       0
       0
       0
       0
       0
       0
       0
       0
       0
       0
       0
       0
       0
       0
       0
       0
       0
       0
       0
       0
       0
       0
       0
       0
       0
       0
       0
       0
       0
       0
       0
       0
       0
       0
       0
      28
      78
      88
      79
      79
      80
      83
      88
      69
      73
      89
      75
      72
      88
      71
      69
      69
      85
      77
      81
      79
      73
      79
      85
      72
      70
      80
      72
      61
      72
      67
      77
      71
      75
      61
      71
      62
      74
      67
      59
      69
      63
      69
      61
      69
      61
      74
      61
      70
      82
      74
      69
      46
      68
      62
      57
      72
      59
      65
      64
      65
      59
      49
      43
      58
      53
      70
      50
      52
      60
      66
      61
      48
      57
      53
      53
      56
      56
      47
      57
      54
      62
      49
      68
      62
      57
      47
      51
      63
      53
      51
      63
      58
      59
      44
      54
      47
      53
      60
      43
      48
      52
      52
      49
      54
      58
      42
      52
      67
      49
      58
      49
      44
      54
      55
      58
      54
      50
      52
      65
      56
      50
      56
      36
      55
      51
      48
      57
      50
      60
      43
      56
      50
      67
      50
      48
      51
      50
      51
      61
      50
      58
      46
      53
      52
      68
      47
      55
      59
      61
      49
      52
      56
      72
      51
      60
      47
      47
      55
      61
      56
      53
      52
      54
      73
      57
      55
      61
      53
      64
      61
      40
      57
      63
      39
      54
      62
      45
      53
      61
      53
      47
      50
      62
      55
      56
      48
      36
      43
      52
      52
      45
      59
      38
      61
      48
      57
      58
      60
      64
      89
     103
     103
     139
     175
     198
     266
     281
     315
     367
     415
     424
     415
     439
     488
     418
     355
     365
     301
     238
     200
     181
     134
     104
      93
      76
      64
      58
      58
      48
      72
      59
      86
      84
      98
     102
      90
     137
     119
     146
     136
     127
     124
     120
     106
     100
      94
      73
      67
      63
      37
      39
      40
      23
      41
      24
      29
      25
      24
      24
      25
      21
      25
      18
      18
      22
      21
      17
      15
      24
      17
      19
      20
      22
      18
      17
      24
      27
      12
      19
      16
      17
      14
      21
      18
      22
      30
      17
      13
      18
      17
      15
      18
      21
      13
      19
      18
      20
      20
      23
      20
      13
      13
      14
      17
      16
      15
      14
      15
      14
      12
      20
      11
      13
      12
      12
      17
      11
      11
      14
      11
      14
      13
      14
      13
      11
       9
      20
      14
       8
       9
      11
      11
       7
      11
       8
      11
      17
       8
       8
       9
       8
       9
      10
       7
      10
      11
       5
       8
      11
      13
      13
       8
       8
       8
       4
       8
      10
       7
       6
       4
       7
       9
       9
      12
       8
       3
       9
       7
       6
       5
      11
      16
      12
      21
      13
      20
      23
      27
      32
      44
      43
      42
      60
      53
      65
      51
      56
      54
      48
      57
      37
      30
      32
      29
      18
      18
      11
       7
      12
      12
      10
       8
       4
       5
       7
       5
       5
       1
       7
       5
       3
       7
       7
       8
       4
       4
       4
       6
       6
       5
       5
       3
       3
       6
       6
       4
       5
       5
       7
      10
      10
      10
       9
       6
      15
      11
      15
      18
      18
      11
      15
       8
      11
      10
       5
      10
       3
       4
       5
       4
       5
       8
       6
       8
       9
       2
       3
       5
       3
       3
       2
       6
       3
       5
       4
       3
       3
       1
       3
       5
       2
       1
       2
       6
       6
       4
       1
       1
       6
       4
       4
       6
       4
       4
       2
       1
       2
       1
       8
       2
       7
       1
       4
       4
       4
       0
       0
       2
       2
       3
       3
       1
       6
       5
       3
       1
       3
       3
       2
       5
      10
      11
      11
       3
       4
       6
       6
       9
      11
      13
      13
       4
       7
       8
       5
       2
       3
       4
       3
       6
       1
       4
       0
       4
       3
       0
      10
       4
       2
       2
       2
       2
       8
       6
       1
       2
       3
       2
       2
       8
       2
       1
       3
       7
       0
       5
       2
       3
       2
       0
       2
       1
       1
       2
       5
       1
       1
       3
       2
       1
       1
       5
       0
       1
       2
       0
       5
       5
       3
       6
       3
       3
       1
       5
       4
       6
       2
       3
       4
       1
       5
       3
       3
       1
       1
       3
       6
       4
       3
       7
       5
       1
       1
       2
       5
       1
       1
       6
       3
       0
       0
       0
       1
       2
       7
       3
       2
       2
       4
       0
       2
       1
       1
       3
       2
       2
       2
       2
       1
       2
       7
       1
       3
       3
       3
       0
       0
       2
       1
       3
       2
       1
       6
       0
       2
       3
       3
       4
       2
       1
       1
       3
       3
       3
       1
       2
       4
       3
       2
       1
       4
       7
       3
       5
       5
       3
       6
       6
       7
       5
       7
       5
       5
       6
       3
       5
      12
       2
       2
       6
       3
       6
       1
       1
       2
       0
       4
       3
       2
       0
       1
       1
       1
       2
       1
       1
       2
       2
       4
       6
       2
       7
       3
       1
       3
       4
       1
       3
       4
       1
       4
       3
       6
       2
       0
       4
       3
       5
       3
      11
       4
       4
      11
       5
      14
      10
      14
      14
      15
      13
      19
      17
      24
      22
      26
      27
      18
      28
      25
      21
      23
      18
      13
      15
      13
       9
      12
       9
       5
       8
       6
       5
       4
       7
       8
       6
       2
      10
       5
       5
       4
       8
       9
       8
      12
       7
       8
      12
      11
      10
      18
      10
      12
      11
       8
       5
      10
      10
       8
       5
      10
       1
       3
       6
       5
       1
       5
       1
       4
       1
       4
       4
       3
       6
       6
       1
       1
       6
       4
       3
       3
       4
       5
       1
       3
       4
       2
       5
       4
       6
       4
       1
       4
       0
       5
       4
       1
       4
       2
       5
       3
       3
       2
       2
       5
       3
       2
       4
      11
       5
       7
       5
       9
      11
       4
       4
       8
       2
       7
      10
       6
       6
       3
       9
       8
       5
       4
       2
       3
       6
       4
       4
       6
       0
       4
       7
       2
       4
       3
       4
       3
       2
       5
       5
       2
       2
       2
       5
       2
       5
       2
       2
       3
       1
       3
       4
       3
       3
       3
       1
       3
       8
       2
       5
       3
       2
       3
       3
       5
       2
       0
       4
       5
       2
       6
       3
       3
       2
       5
       4
       2
       4
       1
       1
       3
       3
       4
       3
       3
       1
       0
       2
       1
       2
       3
       4
       2
       3
       2
       4
       6
       3
       3
       4
       2
       3
       3
       2
       2
       5
       1
       6
       0
       3
       3
       3
       3
       1
       0
       1
       2
       3
       0
       1
       1
       4
       2
       0
       7
       2
       3
       2
       1
       2
       3
       1
       0
       3
       7
       6
       1
       1
       2
       1
       1
       1
       2
       3
       1
       1
       1
       3
       1
       3
       2
       4
       1
       6
       2
       3
       2
       1
       2
       4
       3
       2
       2
       4
       2
       4
       2
       2
       0
       3
       6
       3
       3
       5
       0
       5
       4
       3
       5
       3
       2
       4
       3
       1
       5
       1
       1
       4
       4
       2
       5
       3
       2
       2
       2
       3
       6
       1
       1
       3
       4
       3
       1
       2
       0
       5
       2
       6
       1
       4
       4
       2
       3
       3
       0
       3
       3
       2
       3
       1
       3
       2
       2
       4
       2
       4
       5
       6
       4
       4
       3
       3
       3
       2
       2
       0
       2
       6
       6
       2
       2
       4
       1
       0
       3
       3
       4
       2
       0
       2
       6
       3
       3
       4
       5
       3
       4
       3
       3
       3
       2
       2
       2
       6
       3
       4
       4
       3
       2
       0
       4
       4
       4
       0
       1
       1
       3
       1
       2
       1
       7
       7
       3
       6
       3
       3
       6
       3
       7
       4
       5
       2
      11
       1
       4
       3
       6
       9
       4
       2
       6
       4
       3
       6
       2
       8
       6
       4
       6
       5
       5
       1
       4
       1
       9
       6
       2
       6
       5
       3
       7
       6
       2
       4
       3
       2
       4
       3
       5
       5
       3
       8
       5
       6
       4
       7
       4
       2
       6
       4
       7
       5
       4
       1
       8
       9
       6
       4
       9
       3
       5
       4
       5
       4
       5
       7
       4
       6
       4
       6
       4
       8
       4
       4
       6
       5
       4
       8
       4
       7
       1
       4
       4
       4
       1
       3
       4
       3
       5
       9
       3
       2
       8
       3
      10
       8
       3
       8
       7
       8
       7
       6
       3
       8
       4
       8
       5
       3
       4
       5
      12
       7
       5
      18
       4
       6
       4
       7
       4
       7
       7
       8
       5
       6
       4
      10
      15
       7
       5
       4
       8
       3
      11
      11
       7
       7
       7
       7
      14
       3
      14
       6
       8
      12
      11
       9
      13
      10
       7
      10
       9
      13
       7
       9
      13
       8
      14
      11
      12
      14
       5
      10
       6
      11
       9
      10
      15
      13
       7
       8
      16
      13
      13
      11
      13
      10
       7
      13
       7
       6
      11
      13
       8
      10
      14
      19
      13
      12
      22
      17
      11
      14
      14
      12
      13
       9
      12
      19
      13
       9
      14
      11
      16
      18
      11
      13
      13
      18
      15
      17
      14
      22
      19
      11
      22
      16
      16
      17
      14
      19
      13
      24
      13
      19
      16
      17
      20
      10
      16
      16
      25
      17
      13
      20
      18
      18
      15
      26
      22
      24
      18
      13
      21
      23
      25
      18
      18
      17
      28
      17
      20
      24
      25
      13
      20
      22
      30
      20
      19
      26
      23
      26
      26
      23
      22
      25
      26
      20
      20
      13
      17
      29
      22
      26
      27
      27
      24
      25
      28
      31
      29
      21
      20
      29
      33
      37
      23
      24
      35
      28
      31
      38
      22
      29
      26
      31
      28
      24
      19
      34
      18
      32
      26
      38
      28
      27
      28
      44
      37
      26
      48
      35
      31
      43
      38
      35
      36
      24
      35
      35
      39
      28
      39
      34
      28
      40
      38
      37
      41
      37
      39
      29
      33
      52
      36
      35
      45
      35
      32
      46
      41
      62
      59
      43
      48
      42
      68
      49
      55
      57
      53
      49
      53
      63
      56
      56
      53
      57
      57
      62
      60
      69
      63
      56
      57
      69
      68
      67
      73
      73
      82
      74
      72
      71
      78
      70
      82
      87
      72
      82
      72
      84
      84
      90
      78
      92
      84
      82
     107
      82
     106
      89
     103
     110
     109
     101
     110
     123
     114
     116
     131
     113
     116
     138
     142
     155
     146
     136
     138
     144
     163
     159
     132
     149
     156
     139
     167
     157
     148
     157
     175
     169
     175
     187
     175
     218
     173
     207
     184
     180
     193
     200
     189
     195
     183
     205
     225
     202
     170
     201
     215
     175
     198
     184
     202
     200
     187
     164
     198
     160
     168
     185
     203
     185
     173
     161
     174
     175
     159
     166
     158
     155
     143
     144
     167
     152
     152
     155
     128
     144
     111
     138
     139
     119
     111
     138
     114
     108
     133
     101
     110
     105
      96
     103
     103
      69
      96
      78
      97
      89
      85
      85
      76
      70
      70
      53
      75
      85
      75
      76
      76
      56
      42
      59
      58
      71
      65
      53
      45
      60
      63
      58
      50
      35
      59
      42
      48
      38
      43
      51
      45
      53
      69
      47
      37
      27
      36
      38
      43
      30
      37
      49
      25
      30
      27
      30
      28
      35
      35
      35
      21
      49
      22
      33
      31
      36
      29
      29
      38
      23
      22
      25
      22
      28
      26
      32
      28
      30
      21
      21
      20
      27
      18
      16
      27
      23
      24
      27
      22
      22
      20
      22
      28
      26
      31
      23
      28
      20
      14
      17
      21
      22
      22
      31
      20
      27
      17
      22
      28
      16
      19
      17
      12
      18
      11
      14
      18
      16
      16
      13
      11
      15
      16
      15
      15
      12
      20
      15
      16
      13
      14
      16
      14
      21
      12
      17
      16
      12
      20
      11
      14
      11
      14
      14
      12
      14
      13
      15
      20
      13
      12
      18
      13
      16
      10
       7
      16
       9
      15
      10
       8
      10
      17
      14
       9
      14
      11
       8
      20
      18
      17
      14
      10
      13
      14
      15
      13
      12
      10
      10
      18
      11
      10
      16
      14
      11
      10
       8
      15
      10
      16
      11
      14
      12
      13
       7
       9
      12
      12
      16
       5
       8
      11
      11
       9
       9
      14
       8
       6
      12
      16
      10
      12
       9
       9
      12
      13
      15
       8
       8
      10
       9
      11
       9
       6
      14
      12
       7
       8
       9
      11
      11
       2
       5
      14
      15
      12
       8
       5
       8
       7
       6
       7
       7
      11
      10
      12
      18
       9
      12
       8
       9
       9
       8
       5
       8
      11
       8
       9
      12
       7
      16
       7
       9
       4
      15
       4
      12
      13
      10
      18
       8
      14
      12
      11
      15
      22
      23
      19
      30
      34
      46
      57
      69
      76
      83
     109
     112
     118
     117
     128
     157
     144
     135
     152
     135
     138
     139
     121
     134
      90
      94
      82
      76
      72
      56
      61
      38
      34
      28
      34
      22
      13
      12
      13
       9
      10
       8
       5
      10
       5
       0
       6
       0
       2
       2
       1
       0
       0
       2
       0
       0
       0
       1
       0
       1
       0
       0
       1
       0
       0
       0
       1
       0
       1
       0
       1
       1
       0
       1
       0
       0
       1
       0
       2
       0
       0
       3
       0
       0
       1
       0
       2
       0
       1
       0
       0
       1
       0
       0
       1
       1
       0
       0
       0
       0
       0
       0
       0
       0
       0
       0
       0
       0
       0
       0
       0
       0
       0
       0
       0
       0
       0
       0
       0
       0
       0
       0
       0
       0
       0
       0
       0
       0
$ROI:
0
$PRESETS:
Live Time
100
0
$ENER_FIT:
0.000000 0.000000
$MCA_CAL:
3
0.000000E+000 0.000000E+000 0.000000E+000 
$SHAPE_CAL:
3
0.000000E+000 0.000000E+000 0.000000E+000
