$SPEC_ID:
No sample description was entered.
$SPEC_REM:
DET# 1
DETDESC# PHY-R11-68 MCB 129
AP# Maestro Version 7.01
$DATE_MEA:
03/08/2019 11:22:00
$MEAS_TIM:
100 102
$DATA:
0 2047
       0
       0
       0
       0
       0
       0
       0
       0
       0
       0
       0
       0
       0
       0
       0
       0
       0
       0
       0
       0
       0
       0
       0
       0
       0
       0
       0
       0
       0
       0
       0
       0
       0
       0
       0
       0
       0
       0
       0
       0
       0
       0
       0
       0
       0
       0
       0
       0
       0
      29
      77
      76
      68
      57
      71
      53
      63
      56
      66
      56
      63
      53
      72
      62
      58
      59
      62
      59
      46
      57
      49
      47
      51
      46
      52
      52
      57
      54
      45
      46
      47
      58
      48
      51
      54
      39
      54
      34
      56
      50
      55
      50
      52
      35
      47
      39
      34
      42
      51
      53
      44
      40
      38
      38
      54
      32
      34
      43
      34
      46
      51
      37
      40
      38
      44
      33
      52
      27
      41
      39
      40
      49
      38
      55
      42
      43
      29
      40
      32
      38
      34
      34
      54
      41
      31
      47
      29
      37
      43
      39
      32
      19
      37
      42
      26
      42
      41
      37
      25
      31
      37
      35
      29
      33
      29
      36
      37
      25
      26
      33
      34
      34
      25
      30
      30
      32
      22
      38
      39
      23
      36
      34
      36
      43
      39
      26
      25
      34
      40
      26
      31
      31
      33
      23
      31
      47
      26
      42
      35
      26
      31
      27
      20
      20
      26
      23
      26
      21
      19
      30
      28
      34
      33
      30
      28
      40
      33
      47
      34
      38
      32
      40
      27
      43
      23
      37
      33
      40
      26
      33
      26
      19
      36
      40
      29
      30
      31
      30
      33
      34
      32
      27
      19
      33
      21
      30
      22
      26
      26
      34
      32
      31
      33
      34
      28
      14
      40
      32
      27
      29
      36
      17
      29
      22
      25
      25
      19
      18
      28
      25
      25
      29
      19
      20
      22
      30
      21
      21
      26
      22
      19
      22
      20
      25
      26
      27
      18
      27
      19
      24
      25
      21
      17
      20
      17
      22
      20
      27
      25
      17
      23
      21
      20
      25
      24
      23
      14
      29
      16
      21
      16
      26
      17
      16
      16
      17
      18
      18
      25
      18
      17
      16
      10
      16
      22
      19
      21
      18
      24
      14
      21
      20
      15
      15
      20
      31
      21
      13
      21
      17
      14
      14
      12
      22
      13
      12
       8
      15
       8
      11
      20
      12
       7
      15
      17
      16
      13
      17
      14
      12
      10
      14
      11
      19
       9
      15
      11
      15
      15
       9
      13
      22
      14
       8
      18
      11
      10
      16
      13
      12
      11
      14
      15
       5
      10
      10
       4
      14
      14
      14
      12
      15
      13
      14
      10
      14
      13
      11
      11
      13
       6
      10
       9
      16
      11
      15
       3
       5
      15
       9
       9
       9
      11
       7
      12
       9
       8
       7
       9
      11
      16
      14
      15
       7
       8
      17
       7
      14
      11
       8
       8
       9
       8
      19
       7
      19
      15
      18
      20
      14
      21
      21
      18
      16
      28
      26
      21
      18
      22
      23
      17
      15
      24
      17
      12
      22
      14
      12
      14
      18
      11
      16
       7
      13
      17
      11
      17
       9
      17
      11
       8
      18
      16
      16
      16
      14
      13
      11
      16
      11
      18
      21
       6
      19
      15
      13
       7
      17
      16
      16
      22
      20
      19
      26
      20
      13
      22
      24
      20
      27
      22
      23
      23
      26
      21
      23
      15
      25
      26
      19
      22
      22
      30
      34
      37
      34
      29
      30
      37
      24
      28
      28
      40
      30
      28
      39
      41
      49
      45
      39
      62
      48
      49
      47
      41
      62
      48
      58
      50
      52
      53
      58
      76
      73
      69
      86
      74
      87
      95
      85
      91
     131
     128
     119
     123
     155
     169
     181
     226
     262
     318
     352
     515
     686
     893
    1204
    1596
    1985
    2553
    3211
    3893
    4637
    5418
    6123
    6605
    7317
    7639
    7951
    8054
    7684
    7202
    6862
    6049
    5570
    4668
    3995
    3249
    2639
    2017
    1489
    1144
     819
     608
     419
     268
     199
     167
     107
      61
      53
      64
      43
      46
      36
      40
      32
      35
      41
      33
      41
      36
      39
      43
      34
      37
      53
      39
      50
      54
      45
      46
      47
      54
      67
      57
      49
      63
      73
      76
      82
      88
     134
     154
     197
     218
     257
     379
     437
     542
     698
     808
    1040
    1199
    1361
    1480
    1534
    1766
    1805
    1827
    1810
    1742
    1679
    1549
    1442
    1280
    1130
     953
     822
     770
     637
     529
     473
     341
     332
     257
     239
     170
     152
     108
     103
      73
      47
      39
      31
      16
       9
       6
       6
       5
       5
       3
       2
       3
       3
       2
       2
       4
       1
       1
       1
       3
       0
       3
       2
       2
       2
       2
       1
       1
       4
       2
       3
       0
       2
       3
       2
       1
       0
       2
       2
       4
       1
       1
       3
       1
       2
       3
       2
       3
       1
       2
       3
       2
       1
       1
       5
       2
       3
       4
       1
       3
       4
       2
       1
       1
       1
       2
       1
       3
       1
       0
       3
       3
       4
       1
       2
       2
       3
       1
       0
       0
       1
       1
       0
       3
       3
       4
       0
       1
       1
       3
       3
       2
       3
       3
       1
       0
       4
       0
       0
       3
       2
       0
       1
       6
       1
       2
       2
       1
       2
       7
       3
       3
       3
       1
       9
       8
      14
      11
       7
       2
      10
      11
       9
       6
       7
      10
       7
       9
       9
      15
       6
       6
       8
       6
      13
       8
       7
       3
       3
       4
       5
       7
       1
       2
       1
       1
       1
       1
       2
       2
       2
       2
       2
       0
       4
       0
       2
       2
       2
       1
       2
       2
       2
       6
       1
       1
       1
       1
       2
       2
       3
       2
       3
       1
       2
       1
       3
       0
       1
       1
       1
       1
       0
       5
       2
       4
       0
       2
       3
       0
       2
       0
       3
       3
       1
       3
       2
       3
       1
       1
       3
       2
       2
       1
       4
       2
       2
       2
       1
       1
       0
       2
       2
       1
       2
       1
       3
       3
       4
       2
       6
       5
       2
       2
       5
       2
       6
       3
       2
       2
       2
       1
       1
       1
       1
       1
       3
       4
       2
       3
       1
       1
       1
       1
       1
       2
       1
       3
       3
       3
       1
       2
       1
       4
       2
       4
       1
       4
       0
       1
       3
       1
       1
       2
       3
       4
       6
       0
       1
       1
       0
       1
       0
       0
       0
       2
       1
       1
       3
       1
       2
       1
       1
       1
       2
       1
       2
       0
       2
       0
       2
       3
       3
       3
       2
       1
       1
       2
       1
       2
       2
       3
       2
       1
       1
       1
       3
       2
       3
       1
       1
       1
       0
       2
       0
       2
       4
       2
       3
       3
       1
       4
       4
       1
       1
       1
       1
       1
       1
       0
       2
       1
       0
       2
       0
       0
       2
       1
       3
       2
       2
       0
       1
       1
       4
       0
       1
       1
       0
       2
       0
       1
       3
       2
       3
       2
       3
       1
       0
       1
       2
       3
       0
       2
       0
       0
       0
       0
       3
       1
       1
       3
       0
       1
       1
       2
       2
       0
       1
       0
       1
       2
       1
       1
       1
       2
       4
       2
       2
       3
       4
       1
       0
       1
       2
       0
       3
       3
       0
       5
       1
       2
       4
       0
       3
       2
       3
       2
       1
       2
       3
       1
       1
       1
       2
       1
       4
       1
       0
       2
       1
       1
       5
       3
       0
       5
       2
       1
       2
       4
       3
       2
       0
       1
       1
       2
       3
       3
       0
       4
       2
       1
       2
       1
       1
       0
       4
       4
       2
       0
       2
       5
       6
       4
       1
       2
       0
       4
       4
       4
       2
       5
       0
       4
       4
       1
       4
       4
       3
       7
       6
       2
       5
       8
       5
       7
       4
       4
       2
       3
       7
       4
       5
       1
       5
       5
       3
       2
       1
       2
       3
       3
       3
       3
       2
       1
       1
       1
       2
       3
       4
       2
       1
       1
       3
       0
       4
       5
       3
       1
       1
       1
       0
       3
       2
       0
       6
       4
       3
       2
       1
       1
       1
       2
       6
       4
       2
       2
       2
       5
       2
       5
       4
       1
       3
       2
       4
       6
       4
       6
       6
       3
       3
       7
       1
       5
       4
       5
       6
       1
       7
       5
       2
       3
       1
       5
       7
       5
       2
       5
       5
       3
       0
       3
       0
       2
       8
       1
       2
       2
       6
       6
       2
       3
       1
       6
       3
       2
       2
       2
       3
       5
       2
       3
       4
       1
       3
       2
       3
       3
       2
       1
       5
       5
       3
       6
       4
       4
       2
       3
       1
       6
       5
       7
       1
       2
       3
       4
       1
       6
       2
       1
       2
       4
       1
       2
       1
       3
       5
       2
       4
       4
       4
       4
       4
       3
       2
       4
       4
       6
       3
       2
       2
       4
       4
       5
       3
       2
       4
       1
       2
       2
       2
       5
       3
       5
      10
       3
       4
       6
       6
       2
       5
       1
       5
       7
       7
       1
      10
       3
       3
       2
       4
       3
       4
       6
       6
       4
       6
       2
      11
       4
       4
       2
       4
       9
       4
       3
       6
       9
       8
       4
       4
       5
       5
       4
       8
       3
       6
      11
       4
      10
       6
       7
       6
       1
       3
       5
       6
       4
       7
       7
       4
       3
       4
       6
       6
       4
       8
       4
       5
      10
       8
       5
       5
       8
       6
       6
      11
      11
       8
       6
       3
       5
       8
       6
      10
       9
       4
       9
       6
       4
       8
       6
       6
       6
       7
       2
       9
       4
       8
       6
       8
      10
       9
      13
       6
      12
      11
       4
       9
       8
       5
       7
       8
      14
       6
      11
       9
       5
       3
      14
       9
      15
      15
       8
       6
       6
       9
      12
      17
      21
      13
       9
      11
      11
      11
       9
       8
      14
       5
      20
      11
       9
       9
      10
       8
      14
      13
      10
      10
      16
       9
      10
       8
      11
       5
      15
      12
      14
       4
      13
       8
      16
       9
      13
      13
       6
      10
      13
      11
      10
      18
       6
      19
      10
       7
      15
      17
      21
      13
      13
      14
      12
      11
      18
      13
      13
      14
      22
      10
      21
      16
      17
      15
      14
      12
      16
      19
      22
      13
      24
      10
      15
      23
      21
      17
      14
      19
      23
      24
      20
      12
      12
      22
      14
      18
      17
      15
      25
      17
      17
      18
      18
      30
      24
      16
      17
      21
      24
      28
      27
      17
      23
      13
      26
      22
      26
      18
      32
      20
      32
      31
      23
      17
      18
      26
      20
      31
      32
      27
      39
      30
      33
      27
      27
      29
      30
      39
      41
      36
      21
      40
      38
      40
      39
      41
      41
      34
      41
      46
      43
      39
      42
      45
      48
      36
      42
      37
      36
      50
      57
      55
      53
      55
      67
      56
      57
      53
      61
      63
      54
      72
      66
      58
      67
      62
      69
      73
      60
      57
      72
      64
      73
      72
      71
      49
      66
      62
      54
      77
      60
      61
      59
      63
      48
      53
      56
      49
      59
      57
      49
      59
      53
      44
      44
      50
      51
      41
      28
      38
      47
      24
      47
      37
      40
      45
      44
      36
      28
      33
      25
      41
      32
      34
      32
      25
      28
      31
      29
      21
      27
      24
      19
      35
      33
      19
      23
      14
      20
      27
      24
      25
      19
      18
      28
      12
      22
      19
      20
      16
      21
      16
      19
      26
      19
      27
      37
      21
      22
      15
      18
      14
      18
      17
      24
      16
      11
      19
      15
      11
      12
      14
      13
       7
       8
      18
      13
      13
      15
       6
       9
      16
       6
      17
       8
      21
      16
      14
      12
       8
      11
      13
      12
      16
      17
      20
       7
      14
      14
       7
      10
       9
       9
       9
      15
       9
      13
      10
      12
      20
      10
      12
      13
       9
       9
       7
      11
      13
       4
       9
      12
      11
      15
       7
      10
      14
      15
      11
      11
      14
      10
      13
       4
      10
      17
       8
       9
      12
      13
       9
      13
      13
       6
      11
      11
       5
       9
      11
      11
       9
      16
       9
      13
      11
       5
       5
       7
       9
       9
      14
       9
      16
       5
       4
      14
       4
       9
       9
      11
      11
       6
      14
       8
      11
       9
       7
      11
      12
      11
       9
      11
      10
       5
       5
       7
       8
       3
       7
       5
       8
      12
      15
       8
       9
      10
       5
       5
       7
      11
       8
      12
       9
      10
      12
      14
      11
       5
      11
      12
       9
      12
       6
      10
      10
       7
       7
       5
       8
       7
       4
       7
       7
       7
       7
       6
       5
       7
       7
       8
       6
       3
      15
       4
       7
       5
       5
      10
       8
      10
       6
       4
      11
       6
       3
      13
       9
       4
       7
       7
      13
       6
       8
       6
       7
       4
       5
       5
      10
       8
       5
       9
       7
       5
       7
       3
       4
       8
       8
       2
      16
       9
       4
       6
       2
       9
       4
       4
       2
       7
       5
       6
      10
      11
       5
       4
      12
      13
       6
       7
       2
       5
       7
       6
       7
       2
      11
      15
      19
      18
      18
      29
      26
      29
      30
      54
      46
      55
      57
      77
      88
      89
     115
     103
     103
     126
     114
     116
     124
     112
     109
      96
      91
      91
      71
      63
      63
      51
      41
      30
      24
      23
      22
       8
      14
      10
      11
      10
       5
       5
       2
       1
       2
       1
       2
       0
       0
       1
       0
       0
       1
       0
       1
       1
       1
       0
       0
       0
       0
       2
       1
       0
       0
       0
       0
       0
       1
       0
       1
       0
       0
       0
       2
       1
       0
       4
       1
       0
       0
       1
       2
       0
       0
       0
       1
       0
       0
       0
       0
       0
       0
       0
       0
       0
       0
       0
       0
       0
       0
       0
       0
       0
       0
       0
       0
       0
       0
       0
       0
       0
       0
       0
       0
       0
       0
       0
       0
       0
       0
       0
       0
       0
       0
       0
       0
       0
       0
$ROI:
0
$PRESETS:
Live Time
100
0
$ENER_FIT:
0.000000 0.000000
$MCA_CAL:
3
0.000000E+000 0.000000E+000 0.000000E+000 
$SHAPE_CAL:
3
0.000000E+000 0.000000E+000 0.000000E+000
