$SPEC_ID:
No sample description was entered.
$SPEC_REM:
DET# 1
DETDESC# PHY-R11-68 MCB 129
AP# Maestro Version 7.01
$DATE_MEA:
03/08/2019 11:12:00
$MEAS_TIM:
100 100
$DATA:
0 2047
       0
       0
       0
       0
       0
       0
       0
       0
       0
       0
       0
       0
       0
       0
       0
       0
       0
       0
       0
       0
       0
       0
       0
       0
       0
       0
       0
       0
       0
       0
       0
       0
       0
       0
       0
       0
       0
       0
       0
       0
       0
       0
       0
       0
       0
       0
       0
       0
       0
      25
      49
      58
      50
      60
      58
      54
      67
      45
      66
      66
      59
      56
      46
      59
      65
      58
      56
      69
      37
      58
      84
      52
      55
      47
      60
      53
      63
      61
      44
      53
      53
      51
      63
      53
      52
      47
      42
      59
      48
      59
      51
      52
      58
      48
      49
      59
      51
      45
      55
      45
      44
      48
      56
      37
      41
      44
      39
      43
      52
      38
      52
      42
      44
      58
      54
      49
      48
      45
      51
      42
      44
      39
      39
      35
      52
      43
      47
      33
      38
      61
      38
      41
      47
      49
      45
      40
      38
      40
      53
      34
      40
      35
      49
      47
      41
      52
      31
      38
      51
      41
      40
      45
      43
      43
      38
      34
      44
      36
      40
      41
      59
      39
      53
      44
      49
      38
      35
      45
      42
      41
      44
      40
      37
      43
      36
      45
      40
      35
      42
      47
      36
      29
      46
      29
      48
      34
      29
      34
      46
      47
      37
      32
      33
      34
      54
      52
      46
      36
      50
      41
      38
      42
      35
      44
      44
      51
      46
      45
      36
      43
      44
      36
      38
      46
      35
      50
      27
      32
      40
      40
      45
      36
      36
      53
      41
      38
      39
      44
      29
      32
      44
      39
      48
      43
      37
      34
      37
      36
      40
      38
      35
      49
      40
      40
      31
      38
      28
      38
      37
      32
      43
      47
      30
      28
      28
      40
      25
      25
      37
      30
      31
      35
      31
      29
      37
      29
      26
      26
      24
      24
      18
      25
      37
      21
      31
      30
      24
      26
      27
      16
      18
      26
      15
      29
      20
      31
      23
      28
      20
      16
      22
      24
      16
      17
      22
      13
      26
      24
      20
      15
      14
      20
      18
      14
      15
      25
      16
      16
      19
      19
      17
      17
      11
      15
      15
      19
      17
      17
      14
      13
      15
      13
       9
      15
      14
      15
      12
      15
      13
      16
      18
      16
      18
       9
      16
       8
      17
      14
      13
      16
      17
      11
      13
      13
      12
      15
      11
       7
       7
      15
      14
      14
      13
      12
      10
      13
      10
       8
      13
      10
      13
      13
      11
      14
      12
      12
      12
       8
      10
       6
      10
       6
      14
      16
      10
      13
      10
      13
      14
       4
       9
       7
      11
      10
      15
       9
       7
      15
       5
       3
       9
      11
       7
      12
       7
      10
       7
      13
       7
       7
       6
      15
       9
       9
       5
      12
       5
      13
       4
      14
      15
      14
      17
      20
      12
      15
      28
      30
      33
      55
      47
      95
     119
     150
     231
     303
     423
     509
     575
     695
     824
     965
    1087
    1157
    1205
    1268
    1185
    1216
    1143
    1011
     861
     811
     626
     531
     410
     328
     218
     172
     130
      88
      58
      53
      30
      17
      11
      13
       4
       4
      10
       9
      12
       7
      12
      10
       8
      13
      10
       6
       9
      17
      19
      16
      30
      31
      41
      57
      71
      86
      97
     112
     152
     173
     212
     232
     261
     286
     285
     314
     261
     287
     267
     247
     217
     196
     146
     124
     105
      76
      56
      53
      42
      41
      31
      21
      16
      13
      12
       8
       8
       3
       3
       2
       0
       4
       4
       2
       2
       3
       4
       2
       1
       1
       5
       7
       2
       1
       1
       1
       3
       3
       3
       3
       3
       3
       4
       2
       2
       2
       1
       2
       0
       2
       3
       3
       1
       2
       4
       1
       1
       4
       1
       3
       2
       4
       2
       5
       1
       5
       2
       1
       6
       2
       6
       4
       4
       5
       7
       5
       3
       8
       5
       4
       1
       3
       2
       8
       6
       1
       1
       7
       2
       3
       2
       5
       2
       1
       3
       2
       2
       1
       2
       2
       2
       0
       1
       3
       0
       2
       4
       2
       0
       3
       2
       1
       2
       2
       0
       1
       2
       3
       1
       2
       2
       2
       1
       1
       1
       1
       2
       2
       1
       2
       3
       1
       3
       2
       4
       3
       0
       2
       1
       2
       1
       2
       2
       0
       5
       3
       3
       2
       2
       3
       4
       4
       3
       4
       3
       3
       3
       1
       2
       1
       1
       3
       2
       1
       2
       3
       0
       1
       4
       2
       1
       1
       0
       0
       0
       2
       1
       1
       1
       2
       2
       1
       3
       1
       1
       2
       0
       4
       3
       1
       1
       2
       3
       0
       0
       1
       1
       1
       2
       0
       0
       1
       0
       0
       4
       3
       3
       1
       1
       1
       1
       2
       1
       2
       0
       1
       3
       1
       3
       2
       3
       2
       3
       5
       0
       3
       2
       4
       3
       1
       5
       3
       1
       2
       3
       1
       3
       3
       2
       1
       2
       2
       1
       3
       2
       3
       2
       1
       1
       3
       1
       1
       1
       0
       2
       2
       1
       2
       3
       1
       3
       5
       3
       2
       1
       0
       3
       2
       0
       1
       1
       3
       4
       4
       3
       0
       3
       2
       7
       8
       2
       5
       6
      10
       8
       9
      14
      16
      15
      11
      14
      10
      17
      13
      14
      12
      17
      19
      13
      12
       8
      10
      17
       8
      10
       9
       6
       7
       4
       3
       4
       4
       1
       2
       3
       5
       3
       3
       3
       4
       1
       2
       3
       1
       4
       3
       2
       2
       8
       2
       2
       2
       2
       3
       1
       0
       4
       2
       0
       2
       2
       1
       3
       1
       1
       2
       1
       1
       1
       1
       0
       2
       1
       2
       0
       0
       3
       3
       4
       4
       3
       3
       1
       2
       2
       6
       6
       3
       2
       2
       2
       2
       2
       1
       2
       3
       3
       4
       2
       2
       3
       2
       4
       0
       5
       4
       5
       5
       8
       4
       4
       2
       5
       5
       3
       3
       7
       6
       5
       2
       4
       1
       6
       5
       3
       0
       4
       6
       1
       4
       2
       2
       2
       5
       4
       1
       3
       2
       0
       5
       3
       5
       1
       1
       2
       4
       2
       2
       3
       3
       1
       1
       1
       2
       2
       3
       2
       2
       0
       1
       4
       3
       0
       3
       2
       1
       1
       2
       3
       1
       1
       3
       3
       1
       5
       1
       1
       4
       1
       0
       0
       3
       1
       1
       2
       4
       3
       3
       2
       0
       1
       0
       1
       4
       1
       2
       0
       3
       3
       1
       1
       0
       1
       2
       2
       0
       3
       4
       2
       0
       1
       1
       1
       0
       1
       2
       3
       2
       2
       1
       2
       2
       2
       3
       2
       2
       2
       4
       2
       1
       2
       1
       4
       2
       1
       4
       2
       3
       2
       3
       2
       1
       3
       0
       1
       2
       2
       1
       2
       1
       1
       2
       7
       1
       1
       2
       5
       0
       0
       2
       4
       1
       1
       1
       3
       4
       1
       0
       4
       4
       7
       3
       6
       4
       3
       6
       3
       4
       4
       6
       2
       6
       1
       1
       3
       2
       2
       0
       1
       4
       0
       1
       2
       3
       0
       2
       0
       2
       2
       3
       0
       1
       3
       1
       2
       0
       3
       1
       5
       3
       3
       4
       2
       1
       1
       3
       2
       4
       2
       3
       2
       3
       0
       0
       2
       0
       1
       1
       1
       0
       2
       5
       3
       1
       0
       3
       5
       1
       3
       5
       1
       0
       1
       1
       0
       3
       5
       4
       3
       1
       1
       1
       4
       0
       2
       2
       2
       2
       5
       5
       4
       1
       4
       6
       1
       2
       4
       3
       2
       1
       1
       2
       4
       5
       3
       2
       3
       1
       1
       3
       3
       5
       3
       0
       2
       1
       4
       2
       2
       4
       2
       1
       5
       1
       3
       1
       1
       4
       2
       1
       3
       3
       1
       2
       5
       4
       3
       7
       0
       3
       3
       3
       3
       3
       1
       3
       1
       4
       3
       1
       3
       2
       4
       1
       2
       2
       3
       2
       3
       3
       7
       3
       6
       4
       2
       8
       2
       3
       2
       1
       2
       1
       2
       2
       3
       1
       2
       3
       3
       5
       5
       2
       5
       4
       2
       2
       5
       6
       2
       2
       6
       6
       3
       3
       6
      12
       3
       3
       3
       4
       1
       4
       3
       2
       5
       2
       4
       4
       2
       1
       6
       1
       5
       5
       2
       1
       3
       3
       5
       6
       5
       3
       5
       5
       7
       5
       8
       6
       2
       5
       8
       5
       2
       3
       4
       4
       3
       4
       5
       4
       1
       7
       3
       2
       3
       5
       1
       5
       8
       6
       8
       2
       6
       7
       2
       8
       2
       8
       2
       5
       5
       2
       7
       7
       6
       6
       6
       6
       8
      10
       7
       8
      11
       9
       9
       4
       3
       4
       6
       6
      12
       2
       7
      11
       5
       7
       4
      14
       3
       5
       9
      11
      11
       5
       5
       7
       5
      12
       4
       8
      11
       9
      10
       4
       7
       7
       7
      10
      12
      11
      11
      14
       9
      13
      13
       6
       7
      11
      10
       8
       6
       8
      14
       7
      11
      10
       7
      12
      13
       9
       8
       9
       8
       9
      11
      18
       6
      11
      13
      11
      15
      10
      12
       5
      15
       9
      14
      13
      15
      13
       9
      10
      11
      14
      12
       9
       8
      14
      18
      12
      12
      13
      17
       8
      18
      11
      13
      13
      12
      14
      18
      12
      24
      12
      16
      11
      13
      25
      11
      23
      13
      14
      10
      16
      16
      14
      13
       8
      27
      21
      10
      15
      18
      13
      16
      19
      22
      12
      25
      22
      19
      14
      20
      15
      15
      18
      18
      13
      19
      12
      23
      19
      22
      21
      19
      21
       6
      20
      19
      19
      26
      22
      27
      27
      25
      24
      24
      21
      31
      33
      21
      20
      27
      21
      34
      21
      21
      15
      20
      24
      28
      23
      32
      31
      32
      28
      34
      33
      40
      33
      28
      33
      21
      44
      47
      34
      43
      35
      34
      42
      28
      33
      51
      42
      42
      38
      47
      38
      40
      48
      42
      40
      36
      46
      39
      45
      55
      40
      48
      43
      52
      40
      46
      50
      69
      66
      48
      46
      50
      45
      68
      39
      42
      51
      59
      61
      61
      62
      71
      52
      62
      71
      52
      61
      76
      80
      66
      72
      75
      82
      80
      86
      86
     105
      93
      96
      93
      99
      83
      84
      83
     100
     113
     106
     100
     118
     125
     119
     131
     137
     141
     120
     134
     144
     143
     138
     142
     161
     148
     150
     159
     173
     163
     158
     169
     149
     193
     163
     176
     165
     183
     169
     160
     170
     159
     165
     188
     159
     177
     142
     156
     173
     160
     139
     142
     137
     153
     153
     147
     128
     138
     121
     134
     136
     108
     127
     113
     113
     113
     104
      86
     108
     109
      92
      90
      92
      64
      91
      70
      96
      72
      90
      84
      72
      63
      71
      80
      61
      67
      70
      78
      43
      69
      54
      68
      48
      54
      46
      48
      65
      52
      50
      42
      35
      46
      56
      49
      43
      51
      46
      48
      45
      43
      42
      28
      40
      34
      30
      32
      33
      33
      29
      40
      32
      33
      33
      28
      32
      24
      33
      32
      29
      23
      26
      23
      25
      23
      27
      16
      25
      27
      21
      23
      28
      29
      19
      24
      17
      19
      15
      14
      21
      16
      18
      27
      13
      15
      26
      10
      24
      17
      16
      25
      17
      19
      13
      17
      22
      23
      15
      15
      15
      19
      19
      21
      18
      24
      14
      12
      17
      17
       8
      15
      13
      16
      14
      14
      12
      17
      12
      17
      12
      12
      13
      14
      10
      18
      20
      11
      14
      13
      14
       3
      14
      13
       7
      11
      14
      19
      12
      10
       9
      13
      10
      15
       7
      12
      18
       7
      10
       7
       7
       7
       8
      10
      10
       7
      10
       9
      13
       9
      14
       8
      10
       7
       9
       9
      16
       8
       8
       2
      14
       3
      23
       7
       7
       9
       9
      13
       8
       6
      11
       5
       9
       6
       6
      13
      13
      10
       8
       5
      11
      18
      10
       9
       7
      10
      15
      12
       8
      13
      10
      10
      14
       7
      10
      14
      13
       3
      11
       5
       8
       9
       8
       8
       5
       8
      12
       8
       9
       6
       5
       7
      11
       7
      11
      10
      10
      11
       1
       7
      13
       5
      11
       6
       9
       6
      10
      10
       9
       9
       9
       7
      12
       8
       7
       9
       9
      12
       7
       7
       5
       5
      19
       4
       6
      12
       7
       8
      12
       7
       7
       7
       8
       9
       7
       6
       6
      12
       9
       7
       9
       5
       6
       7
       6
       4
       8
       5
      10
       7
       4
       7
       5
       3
      10
       8
       7
       7
       5
       5
       5
       3
      10
       7
       8
      10
      11
      19
      14
      17
      28
      39
      25
      48
      54
      56
      61
      65
      64
      81
      79
      74
      96
      97
      84
      97
     103
      87
      91
      57
      66
      65
      71
      43
      60
      46
      48
      35
      28
      27
      25
      22
      13
       9
       9
       3
       9
       2
       3
       2
       2
       1
       3
       0
       0
       0
       0
       0
       1
       3
       1
       0
       0
       1
       0
       2
       2
       0
       0
       0
       0
       0
       0
       0
       0
       0
       0
       2
       0
       0
       1
       0
       0
       0
       2
       0
       1
       0
       0
       1
       0
       0
       0
       0
       0
       0
       1
       0
       0
       0
       0
       0
       0
       0
       0
       0
       0
       0
       0
       0
       0
       0
       0
       0
       0
       0
       0
       0
       0
       0
       0
       0
       0
       0
       0
       0
       0
       0
       0
       0
       0
       0
       0
       0
       0
$ROI:
0
$PRESETS:
Live Time
100
0
$ENER_FIT:
0.000000 0.000000
$MCA_CAL:
3
0.000000E+000 0.000000E+000 0.000000E+000 
$SHAPE_CAL:
3
0.000000E+000 0.000000E+000 0.000000E+000
