$SPEC_ID:
No sample description was entered.
$SPEC_REM:
DET# 1
DETDESC# PHY-R11-68 MCB 129
AP# Maestro Version 7.01
$DATE_MEA:
03/08/2019 11:01:24
$MEAS_TIM:
100 105
$DATA:
0 2047
       0
       0
       0
       0
       0
       0
       0
       0
       0
       0
       0
       0
       0
       0
       0
       0
       0
       0
       0
       0
       0
       0
       0
       0
       0
       0
       0
       0
       0
       0
       0
       0
       0
       0
       0
       0
       0
       0
       0
       0
       0
       0
       0
       0
       0
       0
       0
       0
       0
     209
     530
     509
     561
     529
     541
     552
     520
     570
     553
     522
     480
     542
     514
     533
     539
     518
     543
     525
     518
     539
     512
     542
     477
     509
     490
     497
     505
     455
     473
     461
     448
     476
     457
     434
     437
     463
     401
     439
     462
     487
     439
     407
     430
     459
     403
     455
     422
     395
     450
     407
     401
     420
     399
     461
     394
     414
     394
     429
     401
     382
     394
     415
     405
     413
     385
     395
     408
     436
     390
     340
     413
     378
     418
     356
     401
     368
     407
     412
     418
     374
     432
     418
     387
     423
     359
     371
     402
     381
     413
     412
     369
     370
     390
     428
     391
     396
     365
     361
     371
     414
     371
     357
     421
     425
     414
     370
     362
     415
     389
     411
     395
     406
     373
     369
     420
     385
     389
     421
     397
     407
     401
     384
     385
     394
     413
     435
     401
     385
     427
     416
     407
     455
     381
     426
     384
     424
     398
     416
     419
     362
     378
     432
     428
     398
     429
     395
     405
     403
     398
     423
     407
     451
     394
     424
     365
     398
     399
     356
     384
     373
     367
     350
     334
     330
     318
     304
     321
     318
     296
     303
     298
     304
     282
     296
     345
     320
     314
     291
     293
     287
     289
     280
     259
     268
     302
     247
     254
     239
     238
     228
     224
     235
     243
     216
     229
     209
     190
     208
     208
     207
     174
     186
     196
     171
     183
     172
     182
     178
     160
     158
     172
     177
     182
     172
     170
     154
     156
     155
     131
     143
     171
     147
     141
     146
     105
     138
     113
     144
     127
     125
     104
     118
     114
      91
     101
     109
     120
      83
     117
     102
     104
     104
      92
      85
      99
      89
     101
      92
      76
      76
      89
      85
      69
      84
      85
      87
      75
      79
      69
      76
      73
      82
      81
      72
      80
      60
      79
      60
      72
      65
      73
      63
      50
      76
      75
      67
      68
      63
      49
      78
      49
      57
      54
      62
      64
      58
      67
      57
      56
      57
      57
      62
      59
      63
      62
      49
      58
      55
      49
      54
      57
      46
      43
      55
      52
      50
      52
      42
      51
      36
      46
      49
      46
      54
      35
      46
      44
      50
      36
      37
      30
      44
      45
      43
      27
      33
      41
      38
      43
      34
      46
      37
      42
      34
      40
      27
      41
      38
      24
      36
      37
      38
      43
      28
      37
      31
      35
      27
      36
      30
      28
      30
      41
      23
      35
      22
      43
      31
      33
      32
      30
      23
      43
      37
      24
      30
      31
      27
      27
      24
      41
      26
      22
      29
      25
      23
      32
      33
      35
      38
      43
      33
      29
      47
      42
      47
      38
      34
      34
      38
      36
      24
      26
      36
      28
      23
      30
      34
      27
      21
      22
      20
      29
      20
      20
      26
      24
      29
      14
      23
      17
      14
      15
      30
      22
      15
      19
      15
      13
      17
      27
      17
      29
      16
      17
      19
      25
      22
      27
      31
      28
      27
      17
      24
      32
      25
      15
      14
      23
      30
      20
      31
      12
      24
      22
      22
      19
      18
      18
      30
      23
      22
      20
      13
      19
      17
      16
      17
      17
      16
      14
       8
      14
      19
      17
      27
      18
      17
      15
      19
      18
      18
      16
      16
      17
      17
      15
       8
      20
      14
      20
      10
      22
       8
      16
      17
      10
      13
      16
      15
      20
      13
      11
      22
      12
      15
      20
      14
      10
      16
       9
      18
      16
      16
      16
      18
      15
      21
      18
      27
      21
      26
      24
      30
      22
      21
      26
      30
      24
      43
      31
      23
      27
      26
      21
      26
      15
      20
      16
      20
      21
      11
      17
      11
      10
      15
      15
      14
      13
      10
      16
      15
      11
      11
      11
      13
       8
      21
       9
      10
      12
      12
      10
      12
       8
      17
      11
      11
       9
      12
       9
       9
      10
      12
      10
      12
      11
      16
       9
      10
      15
      15
       9
      11
       9
       9
      13
      12
       9
      12
      11
      13
      19
      11
      17
      15
      15
      13
      15
      17
      14
      12
      18
      17
       9
      16
      13
      17
      14
       6
      10
      14
       9
      18
       5
      20
      16
      10
      12
       7
       9
      11
      11
      13
      12
      11
      11
       6
      12
      15
       9
       9
      11
      12
      11
       5
      21
      11
      13
      10
       5
      11
      10
      11
       9
       8
      18
      13
      10
      18
      10
       8
      15
       5
      10
      14
      12
      19
      15
      15
      15
      16
       5
      16
      14
      11
      14
       9
       9
       4
      15
       7
      16
      12
      14
      20
      12
      13
      17
      18
      14
      13
      17
      19
      17
      13
      11
      22
      18
      17
      16
      12
      19
      13
       9
      13
      19
      20
      19
      18
      16
      13
      12
       9
      16
      14
      25
       7
      10
      19
      17
      14
      11
      23
      17
      13
      10
      11
      17
      17
      18
      13
      20
      15
      22
      23
      24
      24
      21
      36
      36
      42
      63
      50
      70
      83
      99
     116
     121
     123
     145
     141
     147
     161
     204
     170
     162
     181
     185
     146
     151
     136
     128
     123
      92
      78
      70
      48
      40
      39
      33
      30
      14
      13
      17
      12
      10
      18
      21
      19
      19
      17
      15
      10
      17
      14
      30
      25
      19
      11
      13
      19
      13
      12
      17
      20
      17
      13
       6
      13
      15
      14
      11
      13
      21
      12
      17
      15
      13
      19
      16
      20
      18
      13
      15
      10
      18
      13
      10
      17
      12
      16
      21
      15
      11
      21
      12
      12
      15
      16
      18
      13
      18
       9
      13
       9
      19
      15
      14
      14
      19
      19
      17
      17
      18
      22
      29
      26
      29
      40
      42
      45
      50
      45
      51
      49
      55
      52
      64
      64
      57
      58
      42
      24
      35
      43
      26
      27
      22
      27
      25
      23
      21
      16
      27
      31
      23
      19
      20
      13
      15
      16
      19
      20
      21
      15
       9
      10
       8
      12
       7
      16
      19
      12
      19
      13
      14
      12
      12
      11
       9
      13
      15
      14
       7
      11
      11
      11
      11
      15
       6
      13
      10
       9
      13
       9
      14
      12
      12
      13
      14
       9
      12
      12
      21
      11
       9
      10
      16
      10
      13
      19
      12
      16
      15
      13
      12
       8
      12
      16
       6
      12
      10
      12
      12
       7
       9
      12
      12
      11
      12
       9
      13
      13
      17
      14
      14
      20
      13
      13
      12
      17
      13
      10
      15
      16
      12
      13
       8
      14
      16
      13
      12
      17
      18
      16
      11
      14
      13
      12
      19
      16
      13
      12
      11
      19
      13
      19
      12
      10
      17
       9
      10
      17
      13
      15
      10
      14
      25
      17
      14
      19
      14
      16
      16
      10
      18
      21
      14
      15
      18
      15
      14
      22
      23
      23
      23
      16
      14
      15
       8
      16
      17
      22
      24
      11
      17
       9
      13
      18
      20
      18
       9
      19
      23
      16
      19
      13
      22
      23
      17
      10
      18
      16
      19
      17
      15
      18
      26
      18
      15
      17
      17
      15
      21
      26
      19
      16
      24
      16
      12
      15
      23
      21
      18
      15
      17
      14
      23
      13
      22
      21
      25
      20
      22
      30
      18
      23
      29
      15
      12
      20
      24
      23
      21
      12
      28
      23
      21
      23
      19
      22
      21
      15
      23
      15
      27
      24
      26
      24
      21
      34
      22
      19
      26
      18
      28
      17
      11
      25
      24
      31
      22
      25
      23
      30
      30
      15
      27
      29
      27
      19
      25
      28
      27
      17
      40
      34
      29
      27
      29
      33
      19
      27
      24
      27
      41
      35
      37
      31
      36
      24
      26
      37
      28
      27
      26
      26
      43
      38
      34
      34
      30
      30
      38
      30
      27
      36
      35
      48
      40
      43
      32
      49
      40
      43
      33
      44
      45
      42
      39
      39
      46
      43
      51
      46
      47
      58
      51
      61
      54
      56
      51
      47
      40
      60
      49
      60
      64
      61
      60
      76
      48
      62
      57
      69
      64
      74
      71
      67
      64
      76
      82
      71
      68
      91
      78
      86
      90
      82
      75
      80
      64
      67
      74
      91
      81
      76
      84
      85
      87
      76
      78
      87
      71
      85
      87
      88
      82
      86
     103
      82
      92
      79
      80
      83
      77
      87
      84
      90
      67
      81
      65
     101
      89
      92
      81
     104
      95
      78
      77
      86
      97
      97
      80
      87
      85
      83
     101
      99
      83
      83
      77
     111
      68
      77
      86
     101
      85
     109
     101
      82
      85
     106
     116
     101
     114
     122
     126
     103
     106
     124
     126
     108
     103
     116
      99
     109
     132
     107
     109
     123
     118
     108
     146
     110
     107
     123
     125
     113
     169
     147
     141
     134
     129
     157
     123
     147
     141
     137
     139
     158
     183
     152
     148
     187
     153
     164
     157
     169
     163
     196
     174
     189
     182
     207
     173
     178
     200
     208
     242
     200
     205
     194
     216
     181
     218
     225
     217
     199
     237
     249
     217
     235
     227
     254
     249
     269
     287
     268
     263
     266
     290
     267
     300
     290
     293
     303
     282
     269
     305
     315
     325
     327
     330
     333
     355
     338
     353
     370
     378
     405
     427
     458
     509
     557
     586
     698
     758
     911
    1021
    1260
    1384
    1689
    1829
    2116
    2434
    2665
    2880
    3249
    3500
    3669
    3834
    3820
    3908
    3677
    3774
    3599
    3472
    3377
    3232
    3042
    2848
    2856
    2901
    2959
    3138
    3375
    3628
    3848
    4383
    4653
    5054
    5395
    5812
    5937
    6119
    6187
    6115
    6061
    5970
    5475
    5213
    4699
    4396
    3967
    3360
    3054
    2514
    2244
    1820
    1584
    1348
    1104
     907
     778
     647
     471
     377
     345
     241
     209
     201
     151
     134
     119
     100
      70
      89
      78
      75
      69
      59
      63
      64
      67
      48
      73
      60
      49
      58
      62
      62
      61
      55
      47
      60
      39
      42
      51
      40
      42
      69
      52
      52
      52
      54
      62
      47
      43
      54
      55
      63
      56
      47
      38
      52
      43
      45
      53
      58
      50
      58
      56
      57
      47
      55
      44
      57
      60
      60
      57
      67
      69
      63
      75
      72
      62
      66
      79
      65
      61
      69
      79
      67
      67
      82
      94
      70
      65
      71
      56
      79
      67
      80
      75
      85
      84
      95
      74
      84
      83
      71
      87
      79
      91
      97
     100
      81
      99
     112
     101
      94
     103
     108
     113
     108
     114
     117
     116
      99
     122
     108
     118
     118
     129
     110
     110
     129
     137
     131
     136
     148
     130
     127
     141
     141
     135
     148
     126
     133
     153
     145
     130
     157
     135
     150
     137
     145
     151
     153
     181
     132
     180
     173
     175
     196
     190
     222
     218
     258
     267
     387
     369
     432
     552
     638
     676
     800
     865
    1008
    1067
    1212
    1273
    1339
    1385
    1427
    1455
    1503
    1426
    1385
    1401
    1270
    1209
    1159
    1043
     977
     824
     795
     687
     559
     518
     440
     389
     355
     267
     251
     216
     192
     176
     157
     119
     125
     114
     118
      92
     134
     120
     105
     130
     155
     190
     192
     211
     234
     279
     295
     308
     311
     338
     363
     370
     359
     367
     340
     356
     348
     324
     339
     281
     264
     268
     214
     168
     176
     144
     156
     123
     105
      95
      70
      63
      69
      60
      50
      37
      37
      32
      24
      23
      23
      17
      18
      18
      14
      16
      13
      18
       9
       8
      10
       9
      10
       7
       9
      10
       8
       6
      11
       7
       7
       8
       5
       2
       8
       9
      11
       6
      11
       9
      12
       5
       7
       7
       9
       3
       7
       9
      11
       5
       4
      12
       9
       4
      12
       7
      12
       7
       5
       6
       6
       7
       8
       6
       8
       6
       9
      12
      15
       6
       6
      10
       5
       6
       6
       7
       6
       8
       4
       6
      13
      11
       8
       4
       7
       7
       6
       6
       7
       5
       3
       5
      10
       7
       6
       7
       9
       6
       8
       8
       8
       4
       6
       6
       6
       8
       5
       8
      15
       6
      11
      11
       8
       6
       6
       6
       7
       5
       8
      10
       8
      12
       5
      10
       7
       8
       7
       8
       9
       4
       6
       7
       6
       5
       9
       3
       4
       2
       6
       3
       6
       8
       7
       4
       9
       7
       0
       5
       5
       8
       3
       9
       5
       6
       7
       3
      11
       9
       6
      14
       7
       6
       8
      10
       6
       8
       9
       8
      10
       7
       6
       5
       8
       8
       8
       7
       6
       6
       7
       5
       5
      12
       6
       8
       6
       8
      10
       8
       7
       5
       4
       8
       7
       4
       8
       7
       5
      13
       4
      10
       8
       6
       8
       9
       4
      11
       5
      12
       5
       9
       7
       9
       8
       9
      11
       8
       7
      10
      14
      13
      14
      15
      22
      22
      35
      24
      34
      58
      49
      60
      65
      78
      83
      87
     101
     104
     112
     103
      96
      93
     101
      87
      87
      87
      82
      60
      60
      54
      51
      26
      28
      23
      25
      23
      26
      20
      10
      21
      15
       9
       8
       8
       6
       6
       8
       2
       2
       1
       2
       1
       0
       0
       1
       1
       3
       1
       0
       0
       0
       0
       0
       2
       1
       1
       1
       0
       0
       2
       0
       1
       0
       1
       1
       3
       0
       0
       0
       1
       0
       1
       0
       0
       1
       1
       0
       0
       1
       1
       0
       0
       1
       0
       0
       0
       0
       1
       0
       0
       0
       0
       0
       0
       0
       0
       0
       0
       0
       0
       0
       0
       0
       0
       0
       0
       0
       0
       0
       0
       0
       0
       0
       0
       0
       0
       0
       0
       0
       0
$ROI:
0
$PRESETS:
Live Time
100
0
$ENER_FIT:
0.000000 0.000000
$MCA_CAL:
3
0.000000E+000 0.000000E+000 0.000000E+000 
$SHAPE_CAL:
3
0.000000E+000 0.000000E+000 0.000000E+000
