$SPEC_ID:
No sample description was entered.
$SPEC_REM:
DET# 1
DETDESC# PHY-R11-68 MCB 129
AP# Maestro Version 7.01
$DATE_MEA:
03/01/2019 11:15:45
$MEAS_TIM:
100 105
$DATA:
0 2047
       0
       0
       0
       0
       0
       0
       0
       0
       0
       0
       0
       0
       0
       0
       0
       0
       0
       0
       0
       0
       0
       0
       0
       0
       0
       0
       0
       0
       0
       0
       0
       0
       0
       0
       0
       0
       0
       0
       0
       0
       0
       0
       0
       0
       0
       0
       0
       0
       0
     365
     987
     982
     982
    1000
     976
     956
     970
    1004
    1040
     927
     988
    1016
     960
     953
     948
     989
     962
     986
     975
     972
    1039
     954
     955
     928
     958
     958
     962
     942
    1013
    1013
    1062
    1021
    1022
    1018
     990
    1025
    1020
    1085
    1026
    1069
    1034
    1019
     990
    1042
    1020
    1037
    1053
     998
    1035
     930
    1045
    1022
     939
     907
     839
     833
     815
     776
     798
     772
     816
     822
     799
     793
     732
     699
     661
     636
     612
     552
     526
     523
     499
     506
     468
     446
     418
     398
     406
     434
     411
     366
     387
     378
     333
     310
     308
     281
     311
     299
     269
     216
     220
     240
     257
     214
     197
     220
     185
     187
     196
     190
     183
     189
     202
     147
     197
     174
     147
     152
     147
     152
     137
     134
     140
     154
     142
     134
     150
     107
     134
     133
     139
     114
     101
     128
     104
     117
     121
     102
     100
     101
      82
     116
      92
     102
      78
      84
      90
     105
      89
      85
      72
      91
      81
      84
      92
      74
      72
      80
      82
      78
      84
      69
      75
      69
      79
      75
      71
      78
      77
      95
      84
     110
     116
     104
     102
      95
      82
      85
      77
      68
      48
      54
      58
      53
      50
      53
      52
      69
      55
      62
      48
      44
      47
      60
      55
      52
      55
      55
      56
      58
      59
      46
      43
      51
      52
      49
      46
      48
      56
      37
      50
      44
      46
      44
      46
      42
      47
      48
      43
      48
      38
      50
      53
      36
      49
      25
      46
      38
      43
      60
      48
      43
      35
      48
      57
      62
      67
      70
      53
      59
      71
      54
      54
      47
      43
      50
      50
      48
      44
      34
      40
      41
      32
      30
      34
      29
      27
      25
      27
      34
      30
      42
      28
      46
      34
      36
      36
      36
      36
      41
      33
      40
      31
      47
      43
      49
      37
      27
      42
      40
      37
      23
      40
      35
      35
      46
      34
      33
      40
      30
      31
      25
      31
      26
      34
      29
      24
      41
      34
      33
      28
      32
      36
      26
      31
      41
      37
      46
      33
      32
      41
      31
      32
      39
      31
      42
      33
      32
      39
      44
      42
      35
      44
      39
      44
      39
      36
      34
      34
      30
      42
      34
      42
      43
      44
      31
      43
      62
      69
      95
     123
     149
     209
     308
     366
     431
     435
     445
     387
     375
     266
     230
     163
     115
      89
      69
      56
      50
      49
      46
      43
      40
      46
      57
      54
      40
      35
      36
      54
      49
      35
      45
      38
      43
      44
      29
      31
      44
      49
      48
      50
      43
      46
      39
      39
      43
      39
      38
      47
      39
      51
      54
      64
      91
      97
     102
     117
     127
     137
      95
      90
      69
      65
      46
      56
      66
      48
      46
      48
      49
      32
      37
      29
      21
      33
      34
      33
      43
      26
      38
      40
      20
      25
      43
      27
      33
      30
      38
      31
      25
      35
      26
      34
      36
      31
      38
      31
      42
      36
      35
      39
      39
      34
      40
      27
      40
      29
      38
      33
      28
      47
      40
      49
      44
      35
      37
      37
      33
      36
      31
      37
      37
      46
      34
      45
      39
      37
      42
      39
      37
      36
      36
      35
      39
      38
      48
      45
      46
      46
      34
      46
      39
      39
      34
      41
      56
      46
      51
      43
      49
      46
      38
      48
      42
      65
      55
      54
      56
      41
      54
      47
      41
      48
      47
      54
      47
      45
      58
      47
      67
      63
      62
      76
      65
      65
      61
      70
      57
      86
      61
      61
      56
      59
      84
      73
      66
      71
      63
      86
      81
      72
      67
      86
      78
      87
      77
      91
      92
      94
      75
      90
      97
      81
      97
      78
      99
      79
      90
     104
     100
     103
     106
     104
     127
     127
     122
     131
     138
     136
     132
     164
     150
     161
     154
     195
     176
     205
     176
     189
     214
     220
     197
     211
     200
     206
     247
     237
     229
     203
     205
     226
     202
     236
     227
     231
     206
     216
     221
     198
     270
     222
     185
     211
     223
     197
     229
     236
     241
     242
     224
     219
     250
     211
     243
     222
     235
     262
     252
     269
     225
     285
     286
     286
     261
     279
     284
     300
     297
     308
     336
     308
     352
     339
     341
     339
     371
     390
     361
     374
     394
     387
     407
     437
     436
     426
     462
     473
     472
     533
     562
     538
     553
     593
     571
     623
     635
     711
     669
     749
     789
     880
     905
     989
    1098
    1409
    1772
    2339
    3265
    4582
    5960
    7197
    8391
    8952
    9321
    9372
    8643
    7971
    7408
    7435
    7969
    9303
   10972
   12965
   14283
   15275
   15123
   14503
   12891
   11112
    8938
    6978
    5025
    3907
    2806
    1846
    1294
     862
     629
     397
     271
     209
     180
     151
     141
     152
     147
     145
     124
     148
     143
     127
     153
     127
     131
     129
     134
     140
     120
     135
     126
     111
     140
     133
     117
     127
     122
     139
     144
     122
     131
     133
     138
     154
     143
     132
     133
     143
     131
     150
     125
     170
     161
     154
     185
     177
     212
     188
     188
     208
     212
     242
     243
     247
     269
     272
     278
     267
     297
     288
     255
     328
     287
     334
     323
     338
     328
     377
     379
     432
     478
     567
     753
    1038
    1375
    1894
    2250
    2689
    3165
    3482
    3532
    3390
    3154
    2909
    2413
    2059
    1620
    1259
     965
     736
     600
     445
     336
     278
     268
     299
     329
     476
     527
     713
     767
     861
     848
     913
     827
     754
     657
     558
     483
     347
     296
     251
     164
     124
      79
      75
      63
      48
      32
      19
      27
      23
      17
      16
      23
      13
      17
      15
      26
      12
      15
      32
      20
      20
      22
      21
      13
      16
      18
      19
      21
      16
      21
      12
      20
      16
      18
      21
      18
      17
      15
      13
      11
      15
      16
      14
      19
      11
      19
      14
      12
      18
      14
      13
      19
      17
      11
      16
      13
      19
      16
      10
      13
      14
      13
      10
      10
      19
      17
      15
      17
      12
      13
      13
      14
      12
      12
      17
      11
      16
      19
       7
      12
      10
      17
      19
      13
      17
      13
      12
      17
      17
      22
      14
       9
      19
      17
      14
      10
      15
      17
      15
      21
       6
      22
      12
      15
      11
      21
      24
      39
      50
      70
      98
     126
     170
     193
     221
     218
     213
     234
     173
     168
     146
     104
      93
      63
      47
      30
      27
      18
      16
       8
      11
       4
       3
       5
       2
       2
       2
       0
       2
       1
       0
       2
       0
       0
       3
       4
       0
       2
       0
       1
       1
       0
       1
       0
       2
       1
       1
       0
       0
       0
       1
       1
       3
       1
       1
       1
       2
       0
       1
       1
       2
       2
       1
       1
       0
       2
       1
       3
       2
       0
       0
       1
       1
       2
       1
       1
       2
       1
       0
       0
       2
       1
       1
       2
       1
       4
       1
       2
       1
       1
       0
       3
       3
       1
       3
       0
       0
       0
       0
       1
       1
       2
       2
       2
       0
       0
       0
       3
       0
       0
       0
       1
       2
       1
       0
       1
       0
       0
       0
       1
       1
       0
       0
       2
       0
       0
       0
       0
       2
       1
       2
       2
       2
       2
       2
       2
       2
       2
       2
       1
       2
       2
       1
       0
       0
       1
       3
       3
       0
       3
       2
       3
       0
       2
       2
       3
       0
       1
       2
       2
       1
       2
       1
       0
       0
       0
       2
       1
       3
       1
       0
       1
       1
       1
       1
       0
       0
       2
       2
       1
       0
       0
       0
       2
       1
       1
       1
       0
       1
       0
       1
       1
       3
       2
       3
       2
       0
       0
       0
       0
       0
       1
       0
       0
       1
       3
       0
       1
       2
       0
       4
       6
       2
       1
       1
       1
       2
       0
       2
       0
       2
       1
       2
       0
       1
       0
       1
       2
       1
       1
       1
       3
       0
       1
       1
       1
       3
       2
       3
       1
       2
       0
       1
       1
       3
       0
       0
       1
       2
       0
       0
       1
       3
       2
       2
       1
       0
       0
       1
       2
       0
       0
       0
       0
       1
       1
       0
       1
       0
       0
       2
       1
       2
       1
       1
       0
       0
       1
       2
       0
       1
       1
       0
       2
       1
       2
       0
       0
       2
       2
       2
       1
       1
       0
       2
       1
       1
       0
       1
       0
       1
       1
       2
       3
       1
       1
       1
       1
       3
       3
       0
       3
       0
       2
       1
       1
       1
       0
       0
       1
       1
       1
       2
       0
       0
       1
       1
       1
       2
       2
       0
       2
       0
       1
       3
       2
       1
       0
       0
       0
       0
       1
       0
       1
       0
       1
       0
       1
       1
       1
       3
       2
       0
       3
       0
       2
       1
       2
       2
       1
       1
       0
       1
       2
       0
       0
       2
       4
       1
       1
       2
       2
       2
       0
       3
       2
       1
       2
       1
       2
       1
       3
       0
       0
       3
       1
       3
       2
       2
       1
       2
       2
       1
       3
       2
       4
       1
       0
       2
       1
       0
       3
       1
       0
       4
       3
       3
       3
       1
       0
       1
       2
       4
       2
       2
       1
       1
       2
       1
       2
       2
       4
       0
       1
       0
       3
       1
       2
       1
       3
       2
       4
       0
       3
       3
       0
       5
       2
       8
       3
       5
       3
       1
       0
       8
       3
       0
       3
       4
      11
       9
       5
       4
       8
      10
       6
      15
       8
       5
      12
      11
      12
       8
      15
      21
      11
      10
      13
      11
      14
       7
       6
      10
       9
       8
      12
       5
       7
      12
      15
       8
       7
       6
       7
       4
       2
       4
       2
       4
       3
       2
       1
       6
       0
       2
       1
       3
       0
       0
       1
       0
       3
       0
       1
       1
       3
       0
       1
       2
       2
       1
       0
       0
       3
       5
       1
       1
       2
       2
       0
       1
       1
       3
       0
       3
       2
       1
       1
       2
       2
       0
       1
       4
       1
       3
       0
       1
       0
       1
       2
       0
       3
       0
       2
       2
       0
       2
       3
       3
       5
       4
       2
       2
       5
       1
       1
       2
       6
       2
       8
       6
      11
       7
       5
       8
       5
       6
       4
       5
       3
       7
      11
       5
       7
       4
       3
       2
       2
       3
       3
       3
       3
       6
       3
       2
       2
       3
       2
       0
       3
       3
       2
       7
       2
       1
       2
       0
       4
       1
       1
       2
       1
       0
       4
       0
       0
       3
       0
       0
       0
       1
       1
       1
       2
       2
       0
       0
       1
       1
       0
       1
       3
       1
       2
       0
       0
       0
       0
       1
       0
       1
       1
       0
       3
       1
       1
       0
       0
       0
       1
       1
       0
       0
       0
       0
       0
       3
       2
       2
       0
       2
       1
       2
       2
       1
       0
       1
       1
       0
       0
       0
       2
       1
       1
       0
       1
       0
       1
       1
       1
       2
       0
       0
       1
       1
       2
       1
       1
       0
       1
       3
       1
       1
       1
       0
       2
       2
       0
       0
       1
       1
       0
       1
       1
       0
       1
       0
       0
       1
       0
       0
       0
       1
       1
       3
       1
       1
       2
       1
       0
       1
       1
       1
       3
       0
       0
       2
       0
       0
       0
       0
       1
       1
       1
       1
       2
       0
       0
       1
       0
       1
       1
       0
       0
       0
       0
       0
       1
       0
       0
       1
       0
       0
       2
       0
       0
       0
       0
       0
       0
       2
       0
       0
       1
       0
       1
       1
       0
       1
       1
       0
       0
       1
       0
       0
       1
       0
       1
       1
       0
       0
       0
       0
       0
       1
       1
       1
       2
       0
       0
       1
       1
       1
       0
       0
       1
       0
       1
       0
       1
       1
       1
       0
       0
       0
       0
       1
       0
       0
       0
       1
       0
       1
       1
       0
       0
       1
       0
       0
       0
       1
       0
       0
       0
       0
       0
       0
       1
       1
       0
       0
       0
       0
       0
       0
       0
       0
       1
       0
       0
       0
       0
       0
       0
       1
       1
       0
       0
       1
       0
       1
       1
       0
       0
       1
       0
       0
       1
       2
       0
       0
       0
       1
       0
       1
       0
       0
       0
       0
       0
       0
       0
       0
       0
       0
       0
       1
       0
       0
       1
       0
       0
       0
       1
       0
       0
       0
       0
       0
       0
       1
       0
       0
       1
       0
       0
       0
       0
       0
       0
       0
       2
       0
       1
       0
       0
       0
       1
       1
       0
       1
       0
       0
       0
       0
       0
       0
       0
       1
       0
       0
       1
       0
       0
       0
       1
       1
       1
       0
       0
       1
       0
       0
       2
       0
       0
       0
       1
       0
       1
       0
       0
       0
       0
       1
       0
       0
       0
       0
       1
       0
       1
       0
       1
       1
       0
       0
       1
       0
       0
       0
       0
       0
       2
       1
       0
       0
       0
       0
       0
       0
       0
       0
       1
       0
       0
       0
       0
       0
       1
       0
       0
       0
       2
       2
       0
       0
       0
       0
       1
       1
       0
       1
       0
       0
       1
       0
       0
       0
       0
       1
       1
       1
       0
       0
       1
       0
       0
       0
       0
       0
       0
       0
       0
       1
       0
       0
       0
       1
       0
       0
       0
       0
       0
       1
       0
       0
       0
       0
       0
       0
       0
       0
       1
       0
       0
       0
       0
       0
       0
       1
       0
       1
       0
       0
       2
       0
       0
       0
       0
       2
       0
       0
       1
       0
       0
       1
       0
       2
       1
       0
       1
       0
       0
       0
       0
       0
       1
       0
       0
       0
       1
       0
       0
       0
       0
       0
       0
       0
       0
       0
       0
       0
       0
       0
       0
       0
       0
       0
       0
       0
       0
       0
       0
       0
       0
       0
       0
       0
       0
       0
       0
       0
       0
$ROI:
1
516 556
$PRESETS:
Live Time
100
0
$ENER_FIT:
0.000000 0.000000
$MCA_CAL:
3
0.000000E+000 0.000000E+000 0.000000E+000 
$SHAPE_CAL:
3
0.000000E+000 0.000000E+000 0.000000E+000
