$SPEC_ID:
No sample description was entered.
$SPEC_REM:
DET# 1
DETDESC# PHY-R11-68 MCB 129
AP# Maestro Version 7.01
$DATE_MEA:
03/01/2019 10:59:29
$MEAS_TIM:
100 105
$DATA:
0 2047
       0
       0
       0
       0
       0
       0
       0
       0
       0
       0
       0
       0
       0
       0
       0
       0
       0
       0
       0
       0
       0
       0
       0
       0
       0
       0
       0
       0
       0
       0
       0
       0
       0
       0
       0
       0
       0
       0
       0
       0
       0
       0
       0
       0
       0
       0
       0
       0
       4
     405
    1025
    1003
    1009
    1043
    1060
    1032
    1030
    1007
     959
     969
    1007
     946
     987
    1014
     918
    1018
     984
     938
     895
     952
     931
     987
     974
     970
     971
    1037
     989
     981
     957
    1029
     998
    1014
    1004
    1013
    1049
    1003
    1063
     989
     981
    1034
     965
    1030
    1108
    1043
    1028
    1044
    1009
    1094
    1007
    1063
    1013
     964
    1007
     961
     938
     822
     829
     770
     769
     836
     808
     805
     851
     754
     734
     715
     698
     662
     581
     606
     579
     553
     515
     471
     478
     454
     477
     467
     444
     458
     438
     410
     376
     379
     343
     330
     329
     323
     298
     258
     268
     257
     243
     251
     231
     251
     251
     209
     203
     187
     215
     201
     184
     185
     181
     172
     166
     141
     166
     184
     138
     138
     154
     142
     124
     164
     159
     141
     149
     131
     147
     117
     110
     113
     128
     141
     117
     122
     125
     106
     131
     103
     104
     117
     103
     107
      91
      93
     104
      96
     105
      71
      94
      96
      82
      96
      85
      82
      89
      82
      75
      81
      79
      77
      80
      98
      73
      87
      91
      88
      96
     108
     100
     100
     133
     131
     118
     114
     110
      88
      70
      83
      78
      69
      67
      93
      73
      70
      71
      76
      87
      91
      80
      82
      84
      62
      90
      59
      68
      60
      79
      77
      78
      75
      65
      69
      65
      65
      67
      69
      60
      40
      63
      53
      55
      58
      61
      53
      64
      57
      65
      71
      76
      71
      61
      56
      65
      52
      63
      54
      69
      56
      70
      55
      60
      46
      67
      54
      89
      64
      90
      79
     102
      99
      66
      83
      57
      59
      57
      52
      63
      62
      55
      53
      68
      43
      44
      57
      55
      58
      72
      52
      45
      67
      49
      51
      58
      39
      59
      46
      48
      62
      61
      62
      67
      67
      53
      59
      63
      68
      72
      53
      54
      64
      42
      52
      54
      50
      59
      47
      55
      61
      51
      46
      49
      47
      53
      49
      44
      53
      50
      44
      62
      58
      40
      53
      48
      55
      56
      68
      68
      48
      50
      61
      45
      60
      58
      47
      67
      52
      64
      67
      64
      63
      59
      42
      41
      53
      60
      62
      78
      63
      55
      58
      50
      69
      54
      53
      65
      70
      83
     103
     126
     184
     226
     290
     403
     398
     423
     484
     424
     384
     315
     229
     171
     154
     114
      81
      68
      61
      65
      70
      62
      47
      71
      46
      72
      63
      59
      55
      57
      62
      53
      61
      54
      63
      59
      48
      70
      59
      56
      56
      67
      55
      62
      47
      51
      64
      61
      53
      55
      65
      64
      59
      65
     103
     138
     128
     137
     157
     149
     108
     133
      95
      90
      96
      94
      72
      86
      94
      72
      74
      72
      55
      52
      54
      35
      63
      47
      64
      56
      71
      50
      43
      55
      44
      59
      53
      57
      50
      52
      59
      55
      55
      61
      55
      50
      50
      40
      51
      49
      49
      59
      55
      67
      70
      61
      50
      59
      51
      56
      51
      62
      53
      47
      56
      58
      62
      65
      60
      54
      63
      49
      71
      55
      58
      60
      56
      55
      64
      52
      49
      56
      61
      62
      62
      45
      55
      67
      62
      63
      55
      64
      57
      60
      67
      71
      64
      55
      67
      61
      67
      67
      53
      70
      73
      73
      64
      70
      76
      88
      82
      67
      66
      83
      67
      79
      92
      78
      69
      67
      86
      84
      94
      91
      75
      84
      83
      85
      82
      96
      91
     101
     101
     102
     104
      85
     107
     106
     100
      87
      99
      91
     103
     113
     106
     112
     101
     117
     125
     123
     115
     117
      97
     112
     108
     137
     116
     131
     111
     127
     125
     119
     153
     154
     137
     160
     154
     155
     178
     165
     147
     192
     200
     205
     214
     222
     223
     208
     220
     224
     257
     230
     237
     255
     244
     266
     251
     242
     224
     240
     240
     242
     285
     246
     265
     246
     247
     251
     236
     261
     289
     236
     248
     263
     271
     254
     251
     259
     259
     270
     240
     262
     277
     274
     267
     283
     310
     254
     299
     317
     313
     310
     306
     301
     345
     373
     350
     377
     336
     352
     368
     358
     400
     379
     428
     435
     385
     394
     389
     424
     405
     450
     442
     506
     442
     471
     537
     483
     543
     508
     583
     569
     582
     627
     660
     649
     673
     669
     706
     680
     769
     882
     916
     930
    1073
    1265
    1622
    2148
    2917
    3949
    5257
    6712
    7846
    9111
    9403
    9445
    9055
    8404
    7791
    7552
    8047
    8930
   10370
   12319
   13710
   15263
   15432
   15316
   13948
   11951
    9921
    7972
    6253
    4643
    3448
    2384
    1691
    1157
     846
     546
     407
     323
     242
     177
     201
     193
     165
     170
     180
     181
     152
     170
     164
     161
     162
     175
     153
     168
     176
     156
     130
     145
     170
     165
     148
     144
     182
     165
     154
     167
     162
     168
     168
     174
     156
     167
     190
     166
     179
     163
     200
     194
     178
     195
     188
     202
     233
     234
     235
     234
     224
     231
     233
     263
     256
     262
     286
     301
     285
     322
     311
     337
     318
     337
     355
     331
     328
     354
     358
     445
     468
     548
     710
     897
    1211
    1575
    2100
    2587
    3037
    3469
    3543
    3450
    3403
    3073
    2718
    2191
    1888
    1491
    1213
     978
     739
     524
     464
     365
     324
     328
     326
     418
     514
     622
     748
     837
     899
     905
     870
     736
     711
     610
     558
     429
     345
     267
     220
     150
     144
     107
      89
      64
      42
      43
      38
      33
      35
      24
      33
      27
      28
      35
      35
      41
      26
      30
      32
      33
      26
      28
      27
      40
      22
      42
      33
      41
      23
      22
      24
      35
      28
      26
      25
      20
      26
      23
      23
      28
      28
      37
      40
      28
      27
      24
      24
      34
      27
      37
      27
      21
      19
      33
      36
      22
      26
      26
      31
      23
      24
      28
      20
      20
      20
      13
      18
      25
      22
      27
      19
      18
      24
      16
      16
      22
      18
      20
      31
      23
      20
      21
      31
      27
      25
      19
      22
      30
      33
      20
      23
      20
      15
      21
      18
      16
      13
      25
      21
      30
      19
      18
      19
      23
      27
      21
      45
      45
      67
      96
     119
     146
     181
     221
     205
     254
     219
     221
     191
     175
     130
     102
      94
      84
      64
      51
      31
      42
      19
      18
      14
      13
       9
       9
      15
       6
       8
       7
      14
       8
       6
       8
       5
       8
       8
       5
      17
       5
      11
       7
       7
      14
       6
       9
       9
      12
      15
       3
       6
       3
       8
       8
      12
       6
       8
       3
       5
       7
      11
      12
       6
       4
       6
       8
       7
      11
       3
       6
       8
       7
       8
      13
       6
       8
       9
       5
       9
       8
      10
       8
       9
      11
       9
       6
       8
      11
      11
      10
      12
       9
      11
       5
      10
       9
      12
      15
       8
       7
       9
      11
      10
       5
       6
       8
      12
      12
       6
       9
       5
       7
       4
       6
       2
      10
      12
       6
      10
       4
       9
       3
       5
       9
       5
       5
       9
       7
       8
       6
       8
       2
       7
      11
      10
       3
      12
      11
      13
       7
       6
      15
      10
       3
      12
       6
       8
       8
      13
       6
       5
      12
       7
       5
       3
      11
       4
      11
      10
      12
      10
       5
      12
       8
       7
      11
      10
       5
       7
      13
       4
       6
       4
       8
       8
       9
       7
       6
       9
       9
       9
      11
       6
       6
       5
      15
      13
       8
       7
       8
       7
      10
       9
       5
       7
       8
       5
      10
       7
       8
       7
       8
       8
       8
      10
       8
       7
       7
       8
      10
      11
       8
       5
      11
       3
       6
       9
       6
       8
       6
       6
       6
       7
       4
       7
       5
       4
      11
      11
       7
       7
      11
       2
       5
      13
       4
      12
      11
       7
      14
       5
       6
      12
       6
       7
      10
       9
      12
       9
      11
      15
      12
       9
       7
       7
       9
       4
      12
      12
       8
       3
      11
      10
       7
       9
       7
      10
      16
       6
       9
       8
       7
       4
       9
       5
       5
       9
      11
      11
       8
       9
       9
       4
       3
       8
      14
       5
      14
       7
       6
       5
      11
       8
      10
       9
       6
       5
       8
      10
       6
       4
       8
       8
       8
       8
       8
       9
       4
      10
      12
       9
      19
       8
       9
       9
       8
       4
       6
       8
       8
       5
      12
       6
       7
       8
       8
       7
      10
       7
      13
       5
       9
       5
       8
      12
      11
      11
       9
       9
      14
      16
      10
       9
      15
      12
       7
       5
       5
       8
      13
      11
      12
      12
       7
      10
      16
      11
       8
       9
      13
      11
      13
      10
       9
       5
       9
      13
      11
       9
       5
       6
       8
       8
      15
      15
      15
       5
      12
       9
       9
      12
      10
       9
       9
       5
      14
       7
      11
       7
       9
       5
      15
       7
       5
      10
      11
      15
      13
      11
      13
       8
       8
      11
      11
      13
      11
      14
      11
      11
       9
      10
       8
      12
      12
      10
       5
      10
       8
       7
      11
      11
      12
       9
      13
      13
      20
       6
      13
       8
      18
      14
      11
       8
       8
      18
       9
       9
      13
      10
      15
      10
       9
      10
      18
      11
      19
      14
      11
      16
      11
      18
      15
      15
      19
      19
      12
      18
      18
      14
      14
      14
      12
      21
      23
      17
      23
      15
      17
      17
      16
      15
      19
      18
      13
      18
      15
      22
      14
      17
      19
       9
      13
      16
      11
       5
       8
      12
       9
      12
       5
       4
       9
       5
       6
       5
       5
       6
       1
       4
       7
       4
       3
       5
       5
       7
       6
       5
       7
       4
       2
       8
       2
       5
       7
       6
       4
       3
       6
       5
       8
       4
       3
       6
       6
       7
       4
       8
       5
       8
       2
       4
       5
       2
       4
       2
       4
       5
       3
       2
       7
       4
       8
       7
       5
       6
       7
       3
       5
       4
       6
       7
       8
       9
       1
       3
       7
       9
       9
       7
       4
       9
       5
       6
       4
       3
      10
       7
       4
       5
       6
       7
       5
       3
       3
       5
       6
       9
       7
       6
       1
       3
       7
       1
       4
       3
       2
       4
       2
       5
       0
       1
       2
       2
       4
       3
       0
       1
       3
       2
       2
       6
       1
       3
       0
       3
       1
       2
       1
       4
       2
       3
       2
       2
       0
       0
       1
       1
       3
       0
       1
       1
       1
       2
       2
       0
       2
       2
       1
       2
       0
       3
       1
       1
       1
       3
       0
       1
       1
       2
       1
       1
       2
       1
       3
       5
       3
       1
       6
       6
       6
      11
      18
      17
      19
      42
      55
      79
     109
     110
     142
     175
     221
     247
     322
     319
     409
     457
     471
     485
     483
     500
     543
     479
     488
     476
     426
     371
     309
     298
     215
     192
     165
     150
     126
     106
      90
      72
      64
      52
      53
      38
      33
      36
      33
      28
      19
      14
      20
      21
      17
      20
      23
      18
       8
      25
      13
      17
      16
      13
      20
      12
      19
      10
      14
      15
      15
      12
       9
      10
      16
      16
       6
      12
      15
      13
       4
       7
       9
       4
       5
       7
       5
       5
       4
       5
       7
       6
       4
       2
       4
       2
       4
       2
       2
       3
       3
       3
       1
       3
       1
       4
       3
       0
       5
       0
       2
       3
       2
       4
       2
       1
       2
       2
       1
       4
       4
       3
       1
       1
       0
       3
       3
       2
       1
       2
       0
       2
       1
       2
       0
       1
       2
       2
       0
       6
       3
       1
       4
       1
       3
       3
       0
       1
       3
       1
       1
       1
       1
       3
       1
       0
       1
       0
       4
       2
       6
       0
       0
       1
       1
       2
       3
       0
       4
       2
       1
       1
       1
       2
       0
       0
       1
       4
       0
       0
       2
       0
       0
       2
       0
       1
       1
       1
       1
       0
       1
       0
       0
       2
       0
       0
       2
       1
       1
       0
       1
       0
       0
       1
       0
       2
       0
       2
       1
       1
       0
       3
       1
       3
       2
       1
       1
       0
       2
       1
       2
       0
       1
       0
       0
       2
       1
       1
       0
       1
       0
       1
       2
       1
       0
       0
       1
       1
       0
       0
       2
       1
       0
       1
       0
       3
       1
       2
       1
       1
       0
       0
       0
       1
       1
       0
       0
       1
       1
       0
       2
       0
       0
       1
       1
       0
       0
       0
       1
       2
       2
       0
       0
       0
       1
       3
       2
       2
       0
       0
       4
       1
       0
       1
       1
       2
       1
       1
       1
       0
       0
       0
       0
       0
       0
       0
       1
       1
       0
       2
       2
       3
       3
       2
       1
       2
       0
       2
       2
       0
       2
       3
       1
       2
       0
       1
       1
       1
       4
       1
       1
       0
       1
       2
       0
       1
       0
       0
       1
       2
       1
       1
       0
       2
       0
       0
       1
       0
       3
       1
       1
       1
       2
       0
       1
       0
       2
       1
       1
       1
       0
       0
       0
       0
       0
       2
       0
       1
       0
       0
       1
       1
       1
       2
       0
       0
       0
       0
       1
       1
       0
       2
       2
       0
       0
       1
       0
       1
       0
       0
       0
       1
       2
       2
       0
       2
       0
       0
       1
       1
       0
       1
       1
       1
       0
       0
       0
       0
       3
       1
       0
       0
       0
       1
       0
       0
       0
       0
       1
       0
       2
       1
       1
       2
       0
       1
       0
       1
       0
       0
       0
       0
       0
       0
       0
       0
       0
       0
       0
       0
       0
       0
       0
       0
       0
       0
       0
       0
       0
       0
       0
       0
       0
       0
       0
       0
       0
       0
       0
       0
$ROI:
1
516 556
$PRESETS:
Live Time
100
0
$ENER_FIT:
0.000000 0.000000
$MCA_CAL:
3
0.000000E+000 0.000000E+000 0.000000E+000 
$SHAPE_CAL:
3
0.000000E+000 0.000000E+000 0.000000E+000
