$SPEC_ID:
Na-22
$SPEC_REM:
DET# 2
DETDESC# PHY-R11-80 MCB 129
AP# Maestro Version 7.01
$DATE_MEA:
11/16/2018 15:00:27
$MEAS_TIM:
180 183
$DATA:
0 2047
       0
       0
       0
       6
     357
     274
     264
     290
     260
     305
     268
     275
     302
     283
     302
     313
     297
     304
     354
     309
     330
     397
     466
     626
     873
    1361
    2430
    4165
    7043
   11836
   17770
   23640
   27981
   28802
   26465
   21539
   16116
   11763
    8485
    6351
    4718
    3376
    2194
    1361
     881
     600
     452
     431
     452
     425
     442
     527
     537
     627
     730
     714
     895
     939
    1053
    1063
    1206
    1202
    1284
    1294
    1154
    1021
     970
     829
     774
     790
     789
     849
     929
     947
    1079
    1226
    1198
    1218
    1168
    1157
    1127
    1099
    1099
    1094
    1050
    1120
    1192
    1375
    1652
    1896
    2219
    2678
    3119
    3953
    4792
    5747
    6442
    7052
    7640
    7812
    7942
    7304
    6602
    5674
    4512
    3491
    2669
    1919
    1377
     965
     786
     560
     461
     410
     351
     325
     331
     308
     337
     303
     348
     347
     341
     369
     399
     349
     372
     354
     362
     409
     413
     421
     452
     446
     484
     514
     543
     579
     597
     633
     654
     671
     689
     650
     658
     581
     562
     544
     494
     502
     482
     474
     410
     397
     406
     400
     405
     369
     370
     349
     362
     389
     355
     368
     396
     403
     390
     359
     417
     399
     388
     448
     412
     424
     445
     452
     465
     441
     447
     454
     491
     467
     469
     523
     521
     491
     522
     518
     490
     504
     583
     559
     565
     600
     548
     509
     555
     532
     554
     535
     493
     519
     490
     462
     475
     442
     485
     425
     420
     430
     412
     387
     407
     389
     385
     423
     409
     342
     365
     351
     393
     369
     385
     333
     397
     401
     351
     377
     337
     349
     335
     322
     383
     351
     349
     338
     354
     306
     320
     325
     320
     298
     280
     249
     289
     236
     272
     239
     304
     247
     239
     267
     245
     231
     247
     255
     240
     255
     235
     235
     186
     194
     218
     225
     226
     223
     208
     229
     195
     225
     227
     215
     195
     214
     191
     199
     179
     200
     184
     183
     178
     172
     188
     189
     188
     165
     153
     153
     159
     162
     139
     139
     160
     165
     124
     138
     158
     131
     146
     137
     132
     137
     146
     140
     156
     141
     162
     168
     172
     164
     195
     207
     223
     213
     227
     242
     286
     290
     327
     356
     332
     351
     365
     401
     451
     386
     457
     427
     466
     445
     490
     454
     430
     458
     475
     508
     513
     512
     496
     536
     498
     542
     528
     543
     598
     576
     605
     614
     674
     676
     710
     704
     755
     714
     704
     830
     792
     782
     797
     842
     813
     921
     850
     879
     900
     790
     816
     808
     772
     787
     802
     694
     707
     667
     650
     604
     516
     546
     516
     454
     366
     419
     360
     363
     292
     302
     301
     299
     284
     268
     298
     306
     374
     341
     375
     412
     474
     497
     544
     594
     663
     730
     746
     798
     984
     990
    1071
    1145
    1176
    1306
    1351
    1430
    1558
    1503
    1640
    1703
    1721
    1754
    1937
    1958
    1956
    1969
    1983
    2016
    1962
    2037
    1977
    2167
    2066
    2009
    1943
    1921
    1890
    1830
    1830
    1744
    1654
    1617
    1506
    1490
    1291
    1296
    1244
    1148
    1037
    1029
     965
     867
     837
     822
     769
     720
     691
     657
     602
     619
     542
     548
     550
     517
     530
     491
     495
     441
     423
     469
     411
     422
     433
     385
     360
     350
     344
     359
     328
     317
     265
     286
     280
     265
     245
     232
     211
     188
     161
     163
     150
     130
     129
     115
     125
     113
     113
      97
      95
     106
      78
      71
      65
      74
      58
      60
      55
      74
      65
      67
      61
      72
      61
      78
      71
      74
      78
      64
      64
      85
      69
      75
      69
      78
      75
      85
      73
      83
      86
      72
      73
      94
      66
     108
      90
      74
      89
      80
      71
      97
      83
      80
     101
      70
      74
      75
      80
      82
      56
      50
      51
      62
      46
      50
      45
      32
      42
      34
      33
      19
      25
      24
      31
      15
      20
      13
      24
      21
      21
      17
      18
      14
      16
      13
      14
       7
      12
      11
      18
       9
      14
      22
      13
      15
      14
      11
      14
      16
      12
      12
       9
      13
       7
      13
      10
      14
      15
       9
       6
       5
       7
      10
      10
       5
      12
       6
       7
      10
      10
       7
       6
       9
       5
       7
       9
      18
      12
       4
       7
      12
      13
       6
      10
       8
       8
      10
      12
       9
      10
       7
       8
       7
       9
       9
       4
       8
       7
       7
       9
       6
       4
       5
       5
       6
       4
       6
       3
       5
       4
       4
       4
       2
       9
      11
       9
       4
       7
      10
      13
       4
       7
       8
       3
       7
      11
       7
      10
       2
       6
       7
       9
       5
       9
       3
      11
       5
       2
       4
       9
       5
       6
       7
      10
      10
       3
      11
       4
       3
      14
       5
      11
      10
       5
       4
       6
      12
       7
       9
      11
       5
       6
       5
       7
      11
       9
       4
       8
       7
       6
       4
      10
       4
       9
       8
       6
       9
       4
       5
       9
       7
       6
       5
       9
       8
       4
       7
       4
       3
       7
      10
       6
       7
       7
       5
       8
       7
       8
       9
       1
       9
       6
      10
       4
       3
       4
      11
       6
       6
      10
       5
       7
       7
       9
       8
       5
       3
       4
       4
       7
       7
       7
       7
       6
       7
       4
       5
       7
       7
       8
       7
       5
       9
       5
      11
      10
      10
       5
       7
      10
       7
      11
       7
       7
       6
       7
       8
      12
       5
      11
       4
       6
       3
       8
       3
       5
       8
       3
       9
       7
       6
       4
       7
       8
       5
       7
       5
       6
       3
       4
       6
       4
       6
       5
       6
       4
       6
       7
       6
       3
       7
       6
       5
       2
       3
       9
       6
       5
       2
       2
       6
       5
       7
       4
       2
       3
       8
       2
       5
       2
       2
       3
       3
       2
       8
       4
       4
       3
       2
       4
       5
       4
       5
       2
       2
       1
       5
       5
       6
       2
       8
       0
       6
       6
       4
       4
       2
       2
       4
       3
       3
       4
       4
       6
       8
       2
       4
       3
       4
       1
       7
       3
       4
       3
       7
       4
       4
       2
       4
       2
       4
       5
       3
       3
       8
       5
       7
       5
       3
       2
       3
       7
       1
       5
       4
       3
       2
       3
       4
       3
       4
       2
       1
       2
       9
       4
       6
       5
       2
       7
       2
       5
       5
       4
       3
       3
       0
       2
       5
       3
       3
       2
       5
       3
       3
       1
       4
       5
       3
       5
       5
       1
       4
       4
       2
       7
       4
       1
       3
       6
       6
       3
       2
       4
       2
       2
       4
       4
       2
      10
       0
       2
       5
       2
       5
       7
       4
       4
       4
       5
       2
       2
       4
       2
       7
       8
       6
       6
       3
       3
       4
       1
       3
       7
       6
       2
       1
       5
       5
       1
       4
       5
       5
       0
       2
       3
       3
       0
       3
       3
       1
       0
       3
       3
       3
       3
       4
       6
       2
       6
       3
       5
       2
       4
       7
       2
       3
       7
       6
       4
       0
       3
       4
       3
       5
       1
       6
       5
       3
       2
       2
       4
       0
       0
       3
       4
       3
       4
       4
       3
       1
       3
       6
       4
       7
       3
       4
       4
       2
       5
       2
       5
       3
       2
       2
       3
       3
       5
       2
       4
       3
       3
       3
       3
       5
       3
       5
       6
       1
       1
       4
       6
       3
       3
       5
       6
       3
       2
       2
       0
       1
       5
       6
       3
       4
       1
       4
       6
       3
       2
       8
       2
       2
       3
       4
       2
       5
       3
       1
       4
       4
       3
       2
       4
       2
       5
       3
       6
       2
       5
       1
       1
       2
       3
       6
       4
       3
       2
       1
       3
       4
       7
       3
       3
       7
       2
       4
       3
       1
       4
       2
       2
       2
       3
       2
       3
       3
       0
       1
       3
       3
       5
       1
       2
       1
       3
       2
       1
       2
       2
       4
       4
       2
       1
       2
       2
       7
       3
       4
       3
       5
       2
       5
       0
       3
       2
       3
       3
       2
       3
       1
       2
       3
       2
       0
       4
       0
       4
       1
       3
       2
       2
       0
       2
       1
       2
       2
       2
       3
       2
       2
       4
       7
       0
       1
       1
       0
       5
       3
       2
       4
       4
       3
       5
       3
       2
       1
       2
       2
       2
       1
       1
       0
       4
       2
       0
       2
       3
       2
       1
       0
       2
       2
       2
       4
       2
       4
       2
       4
       3
       0
       3
       2
       2
       2
       2
       4
       4
       3
       0
       1
       2
       0
       2
       5
       5
       1
       3
       3
       3
       3
       0
       4
       2
       2
       1
       5
       4
       2
       1
       1
       3
       2
       2
       3
       0
       2
       1
       3
       1
       0
       0
       4
       5
       3
       2
       2
       3
       3
       1
       1
       1
       0
       0
       3
       4
       3
       3
       1
       2
       1
       6
       3
       1
       3
       3
       2
       2
       4
       4
       4
       2
       1
       2
       1
       2
       1
       2
       3
       2
       0
       0
       2
       3
       1
       1
       6
       5
       1
       3
       5
       4
       4
       4
       2
       4
       1
       2
       3
       3
       3
       6
       4
       1
       1
       3
       4
       3
       1
       2
       1
       3
       7
       2
       8
       2
       3
       3
       0
       7
       2
       6
       3
       0
       4
       7
       3
       2
       5
       3
       2
       2
       1
       3
       2
       2
       3
       1
       4
       5
       3
       4
       0
       2
       2
       3
       2
       2
       0
       2
       6
       5
       2
       2
       4
       3
       3
       1
       1
       1
       0
       3
       4
       2
       1
       3
       2
       2
       1
       6
       1
       1
       1
       1
       3
       3
       3
       0
       2
       1
       2
       2
       1
       5
       2
       4
       3
       1
       1
       4
       1
       1
       2
       1
       0
       1
       1
       0
       0
       2
       0
       4
       2
       1
       1
       0
       1
       1
       1
       2
       0
       0
       0
       0
       1
       0
       1
       1
       0
       1
       1
       1
       2
       0
       3
       1
       1
       1
       0
       0
       0
       0
       1
       2
       1
       0
       1
       0
       2
       1
       0
       1
       3
       0
       1
       3
       0
       1
       0
       0
       1
       3
       3
       4
       1
       1
       1
       0
       2
       0
       0
       1
       3
       0
       2
       3
       1
       3
       4
       0
       2
       1
       0
       1
       2
       4
       5
       1
       2
       3
       3
       0
       3
       3
       2
       1
       0
       3
       2
       2
       4
       2
       1
       3
       1
       2
       5
       4
       5
       1
       0
       0
       3
       2
       1
       1
       5
       4
       2
       1
       2
       1
       1
       5
       0
       2
       4
       1
       3
       1
       3
       2
       1
       2
       1
       1
       1
       1
       4
       1
       3
       0
       5
       2
       1
       0
       2
       4
       1
       4
       0
       1
       3
       0
       2
       2
       2
       3
       2
       1
       5
       3
       2
       0
       2
       1
       2
       1
       2
       2
       2
       0
       0
       1
       2
       0
       1
       0
       0
       0
       1
       0
       2
       1
       1
       0
       2
       0
       1
       1
       0
       1
       2
       1
       1
       0
       1
       0
       2
       1
       0
       0
       0
       0
       1
       2
       0
       1
       2
       1
       3
       1
       2
       2
       0
       1
       1
       3
       3
       2
       0
       2
       1
       3
       1
       1
       3
       2
       2
       1
       1
       0
       3
       0
       0
       1
       1
       3
       2
       1
       2
       2
       1
       1
       1
       0
       1
       4
       0
       1
       2
       1
       2
       1
       2
       1
       4
       3
       1
       4
       1
       3
       1
       3
       2
       1
       3
       1
       3
       2
       3
       2
       2
       3
       2
       0
       1
       1
       2
       1
       3
       1
       1
       0
       0
       2
       2
       2
       1
       1
       1
       1
       2
       0
       0
       1
       1
       0
       2
       0
       2
       1
       1
       0
       1
       0
       0
       0
       0
       0
       0
       0
       1
       0
       1
       0
       0
       0
       0
       1
       2
       0
       1
       1
       1
       0
       0
       0
       0
       0
       1
       0
       0
       0
       1
       0
       0
       0
       0
       2
       0
       1
       1
       0
       1
       0
       0
       0
       0
       0
       1
       0
       0
       0
       1
       0
       1
       1
       0
       0
       0
       0
       0
       0
       0
       0
       0
       0
       1
       0
       0
       0
       0
       0
       0
       0
       0
       0
       0
       0
       0
       0
       0
       0
       2
       1
       0
       1
       0
       0
       0
       1
       0
       0
       0
       0
       0
       0
       1
       0
       0
       1
       1
       0
       0
       0
       0
       0
       0
       0
       0
       0
       1
       0
       0
       1
       0
       0
       0
       0
       0
       0
       0
       0
       0
       0
       0
       0
       0
       1
       0
       1
       0
       0
       0
       0
       0
       0
       0
       0
       1
       0
       0
       0
       0
       0
       0
       0
       0
       0
       0
       0
       0
       0
       0
       0
       0
       0
       0
       1
       0
       0
       0
       1
       0
       0
       1
       1
       0
       1
       0
       0
       0
       1
       0
       0
       0
       0
       1
       0
       0
       0
       0
       0
       1
       0
       0
       0
       0
       0
       0
       0
       0
       0
       0
       0
       0
       0
       0
       0
       0
       0
       1
       0
       1
       0
       0
       0
       0
       0
       0
       0
       0
       0
       0
       1
       0
       1
       0
       0
       1
       1
       0
       0
       0
       0
       0
       0
       1
       0
       0
       2
       0
       1
       2
       1
       0
       0
       1
       0
       0
       2
       0
       0
       0
       0
       0
       0
       0
       0
       0
       0
       0
       0
       0
       0
       0
       0
       0
       0
       0
       0
       0
       0
       0
       0
       0
       0
       0
       0
       0
       0
       0
       0
       0
       0
       0
       0
       0
       0
       0
       0
       0
       0
       0
       0
       0
       0
       0
       0
       0
       0
       0
       0
       0
       0
       0
       0
       0
       0
       0
       0
       0
       0
       0
       0
       0
       0
       0
       0
       0
       0
       0
       0
       0
       0
       0
       0
       0
       0
       0
       0
       0
       0
       0
       0
       0
       0
       0
       0
       0
       0
       0
$ROI:
0
$PRESETS:
Live Time
180
0
$ENER_FIT:
0.000000 0.000000
$MCA_CAL:
3
0.000000E+000 0.000000E+000 0.000000E+000 
$SHAPE_CAL:
3
0.000000E+000 0.000000E+000 0.000000E+000
