$SPEC_ID:
Na-22
$SPEC_REM:
DET# 2
DETDESC# PHY-R11-80 MCB 129
AP# Maestro Version 7.01
$DATE_MEA:
11/16/2018 11:36:57
$MEAS_TIM:
180 181
$DATA:
0 2047
       0
       0
       0
      26
     210
     164
     140
     177
     154
     143
     155
     170
     167
     158
     195
     151
     167
     215
     203
     209
     214
     188
     224
     206
     210
     219
     249
     323
     425
     651
     913
    1254
    1788
    2306
    2532
    2487
    2221
    1748
    1359
    1065
     849
     696
     552
     463
     363
     293
     272
     244
     228
     221
     234
     220
     229
     206
     222
     232
     213
     240
     212
     211
     219
     203
     241
     232
     240
     235
     228
     214
     235
     249
     224
     262
     268
     257
     237
     278
     217
     269
     286
     265
     273
     265
     269
     315
     285
     312
     338
     349
     348
     339
     394
     359
     366
     357
     352
     333
     323
     284
     292
     283
     314
     290
     315
     313
     306
     295
     313
     301
     303
     287
     299
     286
     284
     315
     246
     252
     258
     250
     268
     279
     258
     260
     258
     270
     272
     260
     273
     266
     258
     276
     268
     287
     276
     283
     286
     272
     233
     281
     294
     277
     269
     236
     289
     292
     248
     269
     275
     266
     264
     257
     244
     259
     281
     268
     261
     261
     293
     284
     251
     247
     268
     272
     266
     272
     256
     283
     272
     265
     261
     264
     250
     247
     282
     257
     250
     275
     238
     258
     274
     250
     280
     278
     272
     260
     289
     240
     253
     277
     255
     244
     247
     274
     244
     241
     236
     243
     266
     243
     276
     266
     279
     273
     263
     270
     254
     267
     284
     309
     270
     274
     321
     292
     293
     266
     303
     286
     279
     311
     327
     302
     332
     313
     311
     338
     355
     359
     314
     304
     373
     360
     358
     346
     379
     378
     393
     358
     363
     328
     325
     347
     355
     356
     318
     308
     346
     335
     341
     333
     318
     308
     321
     326
     297
     305
     327
     272
     319
     325
     309
     298
     280
     288
     279
     265
     296
     276
     288
     286
     283
     251
     287
     270
     255
     254
     268
     267
     260
     282
     265
     232
     261
     251
     231
     242
     248
     239
     243
     238
     222
     251
     226
     222
     229
     241
     249
     227
     246
     225
     211
     216
     226
     227
     240
     230
     237
     226
     234
     207
     213
     214
     200
     205
     185
     212
     215
     202
     202
     204
     190
     178
     211
     206
     200
     201
     195
     198
     208
     208
     202
     205
     203
     188
     212
     179
     201
     227
     187
     193
     197
     188
     163
     195
     183
     198
     204
     182
     176
     167
     209
     167
     225
     191
     193
     161
     160
     171
     172
     195
     171
     187
     183
     198
     158
     184
     162
     192
     179
     175
     171
     205
     180
     184
     216
     181
     176
     179
     183
     177
     163
     148
     161
     156
     170
     191
     165
     160
     175
     178
     139
     162
     166
     158
     164
     147
     170
     163
     167
     168
     163
     154
     167
     181
     154
     154
     178
     179
     150
     141
     182
     152
     154
     180
     171
     174
     162
     151
     181
     168
     148
     164
     156
     157
     175
     161
     182
     169
     149
     157
     144
     168
     172
     159
     171
     172
     163
     152
     144
     151
     177
     156
     160
     159
     156
     165
     141
     145
     153
     156
     174
     148
     164
     160
     155
     139
     141
     184
     153
     150
     147
     135
     169
     147
     160
     150
     140
     154
     141
     189
     155
     167
     143
     149
     164
     164
     171
     169
     172
     165
     155
     156
     164
     171
     192
     177
     176
     153
     181
     166
     172
     181
     172
     153
     190
     177
     160
     153
     164
     183
     178
     155
     174
     192
     186
     199
     164
     186
     181
     165
     196
     151
     172
     167
     189
     161
     180
     177
     162
     183
     173
     162
     198
     176
     176
     178
     194
     169
     154
     175
     176
     172
     144
     151
     187
     185
     154
     161
     147
     145
     139
     152
     153
     151
     144
     112
     138
     129
     148
     112
     118
     120
     121
     111
     105
     131
     106
      90
     102
      97
      80
      96
      66
      85
      94
      72
      56
      85
      74
      77
      77
      66
      65
      59
      53
      82
      69
      68
      58
      72
      74
      41
      61
      46
      51
      44
      54
      46
      51
      48
      38
      51
      52
      45
      52
      49
      37
      57
      44
      41
      39
      52
      41
      39
      40
      37
      40
      41
      34
      38
      30
      29
      30
      33
      29
      26
      28
      29
      30
      24
      37
      22
      31
      38
      32
      30
      22
      26
      31
      23
      25
      34
      28
      23
      23
      25
      27
      18
      21
      18
      29
      19
      18
      23
      22
      13
      31
      20
      19
      23
      14
      27
      29
      18
      15
      27
      20
      27
      20
      12
      15
      18
      23
      23
      24
      16
      18
      16
      20
      13
      16
      16
      20
      18
      19
      15
      17
      18
      13
      19
      10
      24
      23
      20
      11
      10
      16
      13
      16
      20
      26
      15
      18
      23
      22
      22
      15
      20
      19
      14
      23
      16
      15
      15
      12
      22
      14
      20
      23
      21
      24
      25
      16
      26
      26
      21
      40
      32
      44
      45
      38
      53
      46
      57
      55
      68
      71
      82
      91
      81
      96
      98
     115
     102
     132
     154
     162
     179
     187
     210
     235
     242
     284
     305
     314
     322
     348
     366
     376
     406
     450
     498
     497
     504
     540
     569
     652
     640
     666
     704
     757
     773
     794
     811
     900
     919
     888
     975
     952
    1014
    1059
    1073
    1116
    1129
    1162
    1093
    1191
    1167
    1223
    1128
    1197
    1205
    1219
    1199
    1217
    1211
    1137
    1153
    1173
    1130
    1114
    1074
    1071
    1049
    1030
     996
     934
     867
     894
     841
     816
     751
     747
     723
     683
     607
     568
     537
     520
     456
     459
     392
     385
     363
     320
     322
     296
     242
     259
     233
     212
     191
     158
     156
     154
     133
     109
     105
      94
      68
      67
      64
      56
      51
      39
      51
      32
      27
      26
      18
      21
      21
      17
       8
      15
      15
      12
       9
       7
       5
       5
       6
       5
       6
       6
       7
       5
       3
       3
       3
       3
       4
       4
       6
       1
       3
       2
       3
       1
       2
       0
       2
       1
       5
       5
       1
       3
       1
       2
       4
       5
       2
       1
       4
       2
       2
       3
       1
       2
       5
       3
       2
       2
       1
       3
       3
       3
       3
       2
       1
       4
       1
       2
       2
       3
       5
       3
       4
       1
       1
       2
       3
       5
       2
       1
       1
       3
       1
       1
       0
       4
       0
       2
       1
       3
       2
       2
       4
       3
       2
       1
       4
       2
       2
       0
       3
       5
       3
       3
       1
       3
       2
       2
       4
       4
       1
       1
       0
       1
       2
       0
       3
       4
       4
       2
       0
       1
       3
       2
       2
       1
       1
       2
       1
       0
       2
       2
       2
       2
       1
       4
       3
       2
       1
       3
       1
       2
       2
       0
       1
       0
       2
       2
       3
       4
       3
       0
       0
       2
       5
       2
       1
       3
       5
       3
       0
       1
       1
       2
       1
       3
       4
       2
       1
       5
       3
       0
       2
       4
       0
       4
       2
       1
       2
       1
       0
       2
       2
       2
       3
       2
       0
       0
       3
       1
       2
       3
       1
       2
       1
       0
       0
       0
       2
       3
       1
       2
       3
       2
       3
       1
       5
       2
       1
       4
       4
       3
       2
       6
       1
       0
       3
       3
       3
       1
       2
       1
       2
       4
       2
       0
       2
       2
       1
       2
       4
       1
       1
       3
       1
       1
       2
       2
       2
       3
       0
       1
       0
       3
       4
       1
       1
       1
       2
       3
       1
       1
       1
       6
       1
       1
       1
       1
       0
       3
       0
       1
       0
       2
       2
       0
       1
       3
       3
       3
       2
       2
       1
       2
       3
       2
       3
       2
       1
       5
       3
       1
       3
       0
       2
       1
       3
       4
       2
       1
       1
       2
       2
       2
       4
       3
       2
       0
       2
       0
       2
       2
       1
       1
       2
       2
       1
       5
       2
       0
       2
       0
       3
       3
       1
       4
       1
       0
       1
       1
       2
       3
       0
       2
       2
       2
       4
       4
       1
       3
       3
       1
       2
       0
       2
       2
       1
       1
       2
       3
       2
       3
       1
       2
       2
       0
       1
       2
       1
       6
       0
       1
       0
       2
       2
       2
       5
       3
       0
       0
       0
       3
       3
       1
       3
       1
       0
       0
       0
       1
       0
       0
       1
       1
       2
       1
       1
       1
       0
       1
       0
       2
       0
       1
       1
       2
       1
       0
       1
       1
       3
       3
       3
       0
       1
       0
       0
       1
       1
       1
       3
       0
       1
       2
       0
       1
       0
       0
       3
       0
       1
       1
       0
       2
       2
       1
       2
       2
       1
       0
       3
       0
       0
       2
       2
       2
       3
       1
       3
       1
       1
       2
       2
       2
       1
       0
       2
       1
       1
       4
       1
       1
       1
       3
       2
       2
       2
       1
       0
       2
       4
       0
       2
       1
       2
       1
       3
       2
       0
       0
       0
       2
       3
       2
       0
       0
       1
       1
       1
       1
       3
       3
       0
       1
       1
       0
       3
       2
       0
       5
       2
       0
       0
       2
       3
       3
       2
       0
       0
       0
       2
       2
       2
       2
       1
       1
       0
       1
       0
       2
       0
       1
       3
       2
       0
       1
       3
       0
       1
       0
       1
       1
       1
       1
       0
       2
       2
       1
       0
       3
       3
       0
       0
       0
       0
       0
       1
       0
       1
       2
       0
       2
       3
       0
       0
       1
       0
       1
       0
       2
       1
       1
       1
       0
       1
       1
       0
       0
       5
       1
       2
       1
       2
       1
       0
       0
       0
       0
       1
       1
       0
       1
       2
       3
       0
       1
       1
       3
       2
       1
       0
       1
       1
       2
       3
       1
       2
       0
       0
       2
       0
       0
       1
       2
       2
       2
       0
       3
       1
       1
       0
       0
       0
       2
       1
       3
       1
       1
       0
       0
       0
       1
       2
       3
       0
       0
       1
       1
       2
       2
       0
       0
       1
       3
       1
       0
       0
       2
       1
       0
       1
       1
       2
       1
       1
       1
       0
       0
       1
       1
       1
       0
       1
       0
       1
       0
       2
       1
       2
       0
       0
       0
       1
       0
       0
       0
       2
       4
       1
       2
       1
       1
       0
       1
       0
       3
       1
       0
       0
       0
       2
       1
       0
       0
       0
       0
       0
       0
       0
       1
       0
       0
       0
       0
       1
       1
       2
       2
       2
       0
       1
       2
       0
       2
       0
       1
       0
       2
       0
       1
       2
       1
       1
       0
       0
       0
       0
       0
       1
       1
       1
       0
       0
       1
       2
       1
       1
       1
       0
       1
       1
       0
       1
       0
       1
       0
       0
       2
       0
       1
       0
       0
       0
       1
       0
       0
       1
       2
       2
       1
       0
       0
       0
       0
       1
       3
       1
       0
       1
       0
       0
       0
       0
       0
       1
       0
       0
       0
       0
       0
       1
       0
       2
       1
       1
       3
       3
       1
       0
       0
       0
       0
       1
       0
       0
       2
       0
       0
       0
       0
       0
       1
       0
       0
       0
       1
       0
       1
       0
       0
       2
       1
       1
       1
       1
       1
       0
       0
       1
       1
       1
       3
       0
       0
       1
       0
       1
       0
       2
       1
       0
       0
       0
       1
       0
       0
       2
       0
       2
       0
       0
       3
       1
       1
       3
       1
       3
       1
       4
       4
       1
       1
       2
       0
       1
       1
       0
       0
       2
       1
       1
       3
       1
       4
       1
       1
       0
       0
       1
       3
       0
       0
       1
       0
       2
       0
       3
       2
       2
       1
       0
       2
       1
       0
       2
       3
       3
       3
       1
       3
       2
       4
       3
       1
       0
       1
       2
       2
       1
       1
       1
       0
       1
       1
       1
       2
       1
       0
       2
       3
       0
       0
       2
       1
       1
       1
       1
       4
       0
       2
       2
       2
       3
       0
       2
       1
       1
       1
       1
       0
       1
       1
       0
       1
       1
       0
       0
       1
       0
       0
       0
       0
       1
       1
       0
       0
       0
       0
       0
       2
       1
       0
       1
       1
       1
       0
       0
       1
       1
       0
       1
       1
       0
       0
       0
       0
       0
       0
       0
       0
       0
       1
       1
       1
       1
       1
       1
       0
       0
       1
       0
       0
       0
       0
       1
       0
       0
       0
       0
       0
       0
       0
       0
       0
       0
       0
       0
       0
       0
       0
       0
       0
       1
       1
       0
       0
       0
       1
       0
       0
       0
       0
       0
       0
       2
       0
       0
       0
       0
       1
       1
       0
       0
       0
       1
       0
       0
       0
       0
       0
       0
       0
       0
       0
       1
       0
       0
       0
       0
       0
       1
       1
       0
       0
       1
       0
       1
       0
       0
       1
       1
       0
       0
       0
       0
       0
       0
       0
       0
       0
       1
       0
       0
       0
       0
       1
       0
       1
       0
       0
       1
       0
       0
       0
       0
       0
       1
       0
       0
       0
       1
       0
       1
       0
       0
       0
       0
       0
       0
       0
       0
       0
       0
       0
       0
       0
       0
       0
       1
       0
       0
       0
       0
       0
       0
       0
       1
       0
       2
       0
       0
       0
       0
       0
       0
       0
       0
       0
       1
       0
       0
       0
       0
       1
       0
       0
       0
       0
       0
       0
       0
       0
       0
       0
       0
       1
       0
       1
       0
       0
       0
       0
       0
       1
       2
       0
       0
       0
       0
       0
       0
       1
       0
       0
       0
       0
       0
       0
       0
       0
       0
       0
       0
       0
       0
       0
       0
       0
       0
       0
       0
       0
       0
       0
       0
       0
       0
       0
       0
       0
       0
       0
       0
       0
       0
       0
       0
       0
       0
       0
       0
       0
       0
       0
       0
       0
       0
       0
       0
       0
       0
       0
       0
       0
       0
       0
       0
       0
       0
       0
       0
       0
       0
       0
       0
       0
       0
       0
       0
       0
       0
       0
       0
       0
       0
       0
       0
       0
       0
       0
       0
       0
       0
       0
       0
       0
       0
       0
       0
       0
       0
       0
       0
       0
       0
$ROI:
0
$PRESETS:
Live Time
180
0
$ENER_FIT:
0.000000 0.000000
$MCA_CAL:
3
0.000000E+000 0.000000E+000 0.000000E+000 
$SHAPE_CAL:
3
0.000000E+000 0.000000E+000 0.000000E+000
