$SPEC_ID:
Na-22
$SPEC_REM:
DET# 2
DETDESC# PHY-R11-80 MCB 129
AP# Maestro Version 7.01
$DATE_MEA:
11/16/2018 10:39:21
$MEAS_TIM:
295 300
$DATA:
0 2047
       0
       0
       0
     194
    4696
     231
     213
     205
     204
     227
     219
     211
     220
     191
     227
     221
     219
     229
     220
     223
     227
     223
     225
     208
     204
     218
     228
     225
     244
     210
     249
     248
     254
     225
     243
     241
     235
     248
     236
     252
     242
     231
     236
     245
     259
     254
     237
     274
     253
     258
     232
     254
     270
     249
     246
     244
     241
     276
     267
     250
     255
     234
     267
     274
     248
     248
     263
     270
     259
     255
     290
     316
     257
     272
     257
     276
     227
     251
     264
     252
     265
     274
     236
     264
     276
     270
     241
     272
     300
     301
     258
     299
     289
     300
     291
     312
     254
     321
     273
     278
     262
     296
     300
     295
     283
     246
     284
     299
     276
     263
     241
     247
     280
     275
     285
     298
     320
     324
     302
     308
     321
     276
     269
     299
     293
     313
     310
     279
     302
     316
     334
     290
     301
     326
     332
     303
     327
     282
     320
     299
     353
     309
     379
     331
     279
     329
     322
     331
     348
     314
     349
     378
     379
     407
     390
     419
     447
     434
     465
     458
     420
     426
     465
     445
     436
     421
     438
     401
     436
     418
     445
     385
     422
     421
     420
     396
     387
     379
     342
     367
     381
     355
     370
     379
     407
     363
     345
     383
     395
     364
     355
     375
     367
     382
     371
     371
     384
     372
     367
     333
     342
     352
     343
     354
     315
     349
     305
     311
     330
     350
     345
     314
     347
     344
     337
     338
     335
     347
     336
     345
     370
     325
     318
     354
     339
     344
     325
     362
     324
     344
     354
     359
     345
     326
     334
     330
     339
     317
     359
     337
     380
     304
     320
     303
     320
     355
     338
     348
     359
     320
     354
     321
     362
     337
     324
     353
     342
     347
     348
     326
     331
     332
     373
     339
     360
     358
     370
     353
     369
     341
     328
     316
     359
     351
     367
     337
     368
     351
     342
     344
     350
     335
     371
     331
     348
     304
     344
     342
     356
     333
     357
     351
     344
     339
     329
     383
     334
     327
     383
     341
     323
     331
     340
     362
     356
     351
     375
     339
     338
     356
     340
     338
     352
     355
     330
     317
     365
     366
     353
     317
     365
     343
     331
     313
     339
     318
     345
     353
     354
     337
     333
     341
     339
     340
     364
     330
     386
     346
     375
     381
     387
     396
     384
     367
     347
     342
     359
     376
     378
     401
     371
     388
     359
     368
     425
     395
     379
     396
     407
     409
     437
     389
     417
     424
     428
     431
     437
     437
     438
     432
     475
     463
     436
     420
     441
     421
     449
     481
     465
     473
     462
     438
     455
     445
     471
     443
     449
     500
     435
     462
     447
     440
     474
     446
     458
     455
     440
     444
     452
     444
     435
     447
     480
     444
     420
     423
     450
     432
     415
     419
     397
     398
     412
     360
     393
     381
     390
     413
     403
     416
     427
     393
     397
     404
     426
     377
     384
     403
     396
     390
     368
     382
     373
     392
     412
     386
     383
     349
     384
     323
     400
     367
     357
     398
     400
     427
     365
     388
     396
     376
     340
     405
     367
     363
     382
     342
     407
     384
     384
     375
     347
     353
     386
     368
     385
     327
     399
     368
     344
     369
     390
     370
     357
     374
     376
     371
     359
     372
     362
     353
     369
     347
     401
     378
     367
     372
     365
     333
     341
     313
     346
     340
     345
     376
     368
     353
     338
     376
     357
     359
     313
     361
     353
     318
     325
     342
     340
     335
     325
     319
     324
     336
     306
     340
     344
     319
     294
     344
     314
     325
     318
     325
     302
     332
     326
     339
     325
     333
     291
     314
     291
     317
     311
     307
     305
     303
     312
     321
     310
     319
     296
     312
     282
     296
     296
     278
     284
     277
     275
     300
     303
     290
     305
     285
     275
     278
     301
     261
     269
     307
     293
     286
     310
     286
     275
     269
     291
     295
     294
     298
     275
     283
     312
     231
     258
     237
     285
     274
     302
     267
     295
     282
     275
     276
     274
     286
     297
     279
     259
     300
     264
     290
     311
     272
     280
     277
     297
     271
     289
     295
     269
     297
     271
     259
     286
     285
     305
     272
     295
     263
     293
     296
     285
     271
     292
     270
     273
     293
     275
     275
     272
     274
     251
     274
     280
     247
     273
     258
     286
     265
     254
     257
     300
     272
     270
     297
     253
     258
     292
     286
     267
     273
     292
     248
     255
     305
     286
     291
     291
     271
     270
     276
     255
     246
     237
     264
     270
     278
     269
     256
     247
     239
     285
     259
     255
     272
     255
     255
     263
     240
     238
     259
     239
     256
     233
     231
     259
     230
     228
     226
     242
     220
     246
     224
     231
     220
     220
     209
     217
     211
     222
     194
     201
     202
     206
     207
     198
     179
     188
     172
     183
     188
     161
     186
     179
     171
     147
     204
     166
     154
     149
     133
     160
     154
     156
     156
     140
     143
     145
     146
     140
     129
     146
     134
     159
     119
     152
     129
     135
     122
     122
     146
     126
     138
     119
     129
     127
     124
     126
     119
     125
     127
     125
     122
     114
     109
     119
     137
     118
     111
     119
      94
     116
     103
     115
      80
      89
     118
      98
     111
     117
     106
     118
     108
      99
      92
      93
      88
     106
      97
      96
      93
     110
      93
      93
      99
      89
      93
      89
      86
      98
     114
      89
      95
      98
      84
     111
     100
      79
      81
     102
     102
      71
      91
      84
      91
      92
      92
     105
      96
      82
      79
      87
      77
      83
      71
      85
      98
      90
      82
      92
      81
      80
      98
      79
      71
      89
      69
      85
      93
      75
      81
      80
      61
      91
      72
      72
      73
      77
      67
      69
      85
      75
      77
      67
      85
      71
      71
      82
      75
      86
      69
      71
      68
      76
      69
      92
      70
      75
      77
      76
      71
      78
      61
      81
      82
      65
      87
      80
      72
      72
      86
      79
      70
      74
      74
      71
      76
      80
      82
      70
      74
      78
      62
      63
      66
      90
      68
      78
      69
      65
      73
      71
      73
      73
      83
      87
      82
      78
      73
      66
      67
      67
      81
      57
      58
      69
      61
      68
      67
      58
      76
      57
      86
      66
      64
      55
      84
      58
      62
      63
      80
      59
      58
      80
      64
      69
      66
      65
      59
      63
      70
      80
      61
      78
      74
      74
      68
      56
      70
      76
      74
      83
      72
      79
      77
      61
      58
      77
      92
      47
      54
      70
      56
      74
      92
      58
      73
      85
      77
      75
      63
      83
      84
      90
      88
      87
      73
      83
      81
      80
      90
      99
      92
     100
      99
      89
      98
      85
     119
     120
     124
     102
     126
     143
     144
     151
     172
     170
     153
     180
     183
     178
     176
     220
     255
     238
     243
     254
     253
     262
     321
     329
     317
     355
     361
     366
     380
     420
     429
     451
     468
     470
     538
     511
     571
     591
     643
     674
     646
     697
     745
     715
     766
     787
     821
     820
     810
     875
     921
     932
    1056
    1051
    1090
    1074
    1092
    1172
    1166
    1175
    1240
    1276
    1257
    1358
    1348
    1450
    1368
    1466
    1530
    1531
    1483
    1525
    1519
    1556
    1587
    1649
    1629
    1673
    1680
    1740
    1769
    1674
    1655
    1731
    1711
    1721
    1763
    1740
    1794
    1797
    1793
    1800
    1808
    1724
    1806
    1800
    1745
    1748
    1745
    1726
    1716
    1677
    1659
    1609
    1543
    1642
    1551
    1539
    1505
    1467
    1475
    1397
    1438
    1432
    1325
    1344
    1280
    1189
    1149
    1163
    1131
    1136
    1016
     996
     986
     938
     929
     810
     858
     800
     767
     714
     735
     662
     666
     627
     586
     568
     542
     461
     510
     481
     426
     409
     406
     384
     362
     322
     310
     305
     290
     256
     271
     239
     242
     214
     198
     196
     174
     168
     163
     142
     134
     137
     130
     113
     114
      93
      93
      92
     107
      69
      83
      77
      75
      78
      75
      65
      60
      46
      58
      48
      51
      39
      59
      44
      56
      67
      52
      35
      49
      49
      47
      42
      49
      44
      50
      54
      38
      40
      53
      31
      47
      43
      36
      46
      39
      36
      45
      59
      37
      51
      48
      38
      40
      40
      40
      53
      40
      44
      37
      41
      32
      47
      55
      50
      42
      50
      39
      43
      43
      49
      45
      50
      29
      47
      33
      31
      41
      33
      44
      47
      44
      49
      42
      47
      44
      38
      45
      45
      45
      43
      45
      56
      54
      39
      35
      40
      38
      39
      35
      42
      37
      51
      46
      47
      45
      43
      51
      53
      50
      45
      59
      46
      29
      46
      39
      47
      41
      38
      42
      38
      36
      38
      47
      54
      41
      47
      48
      49
      43
      37
      45
      41
      34
      48
      36
      26
      42
      44
      36
      38
      41
      41
      48
      31
      42
      42
      36
      44
      41
      37
      52
      38
      44
      40
      33
      51
      46
      44
      29
      48
      36
      48
      32
      42
      37
      41
      43
      48
      36
      42
      51
      46
      47
      42
      49
      38
      40
      50
      46
      46
      46
      40
      27
      43
      44
      44
      35
      37
      39
      45
      53
      41
      42
      40
      41
      29
      37
      38
      47
      42
      37
      47
      35
      45
      31
      42
      51
      48
      49
      46
      34
      48
      38
      34
      53
      47
      45
      39
      39
      37
      42
      39
      46
      53
      39
      46
      47
      38
      31
      41
      47
      42
      38
      44
      45
      36
      45
      42
      38
      41
      41
      40
      36
      44
      50
      41
      57
      39
      37
      33
      51
      53
      38
      43
      36
      49
      36
      43
      47
      54
      48
      48
      38
      34
      41
      39
      46
      41
      48
      51
      43
      47
      52
      43
      49
      46
      42
      45
      40
      33
      59
      49
      40
      54
      54
      38
      53
      57
      38
      45
      45
      56
      46
      51
      48
      54
      42
      40
      43
      46
      45
      57
      47
      37
      43
      48
      47
      47
      46
      42
      60
      47
      47
      56
      39
      42
      54
      58
      46
      50
      34
      48
      41
      52
      52
      40
      53
      40
      43
      51
      45
      49
      54
      48
      35
      50
      42
      42
      46
      46
      50
      51
      40
      55
      40
      34
      37
      51
      48
      58
      47
      51
      37
      49
      57
      41
      45
      44
      46
      55
      44
      40
      46
      46
      49
      40
      51
      47
      39
      34
      42
      40
      43
      46
      38
      51
      41
      40
      47
      32
      36
      42
      49
      52
      36
      44
      54
      46
      49
      45
      48
      34
      38
      52
      48
      35
      45
      40
      36
      46
      50
      44
      31
      44
      34
      38
      30
      39
      41
      53
      44
      39
      37
      48
      46
      36
      41
      32
      36
      44
      54
      30
      39
      39
      46
      37
      41
      48
      47
      46
      50
      55
      42
      44
      44
      49
      47
      38
      50
      44
      47
      57
      38
      46
      44
      53
      32
      60
      44
      36
      51
      43
      45
      34
      38
      47
      38
      40
      43
      49
      40
      42
      33
      31
      47
      45
      54
      49
      44
      46
      50
      38
      54
      41
      49
      36
      37
      39
      32
      48
      47
      45
      48
      45
      46
      50
      40
      49
      52
      47
      43
      45
      35
      40
      47
      47
      46
      48
      46
      42
      45
      51
      45
      43
      45
      48
      38
      41
      53
      50
      52
      46
      54
      41
      36
      51
      48
      39
      45
      47
      37
      40
      47
      37
      42
      49
      39
      46
      53
      43
      50
      55
      41
      45
      48
      37
      40
      48
      43
      44
      42
      35
      41
      43
      44
      45
      43
      66
      43
      44
      42
      34
      52
      55
      42
      40
      46
      41
      37
      42
      36
      33
      48
      42
      40
      43
      44
      40
      38
      38
      41
      37
      58
      44
      45
      48
      47
      40
      44
      49
      50
      45
      30
      49
      53
      47
      46
      53
      39
      45
      46
      41
      44
      43
      50
      42
      46
      40
      33
      48
      39
      51
      55
      47
      36
      44
      34
      52
      47
      41
      45
      43
      41
      51
      48
      46
      49
      43
      48
      47
      45
      44
      54
      48
      44
      45
      44
      44
      49
      36
      43
      49
      36
      47
      46
      32
      38
      47
      43
      51
      49
      41
      39
      45
      53
      47
      60
      43
      50
      48
      52
      48
      46
      55
      55
      48
      46
      44
      47
      30
      38
      43
      40
      55
      36
      46
      49
      52
      38
      42
      43
      48
      33
      53
      36
      45
      48
      43
      48
      51
      44
      36
      48
      60
      54
      49
      40
      52
      46
      50
      51
      40
      39
      44
      43
      43
      53
      58
      55
      41
      43
      28
      40
      53
      56
      47
      44
      48
      46
      63
      50
      51
      52
      64
      61
      54
      66
      35
      41
      52
      42
      49
      57
      39
      41
      56
      39
      54
      48
      41
      48
      60
      61
      54
      52
      42
      58
      44
      48
      49
      57
      46
      53
      46
      58
      54
      55
      45
      47
      41
      55
      43
      48
      56
      52
      50
      45
      50
      49
      45
      48
      31
      46
      45
      43
      55
      52
      49
      43
      46
      68
      40
      48
      58
      56
      65
      40
      47
      52
      43
      60
      50
      55
      46
      41
      44
      56
      37
      44
      42
      52
      63
      58
      42
      55
      46
      52
      51
      48
      47
      42
      49
      51
      62
      48
      60
      57
      43
      49
      56
      47
      50
      58
      53
      60
      59
      52
      53
      56
      50
      49
      57
      48
      54
      47
      63
      66
      53
      52
      51
      51
      16
       0
       0
       1
       0
       0
       0
       1
       0
       1
       0
       0
       0
       0
       0
       0
       0
       0
       0
       0
       0
       0
       0
       0
       0
       0
       0
       0
       0
       0
       0
       0
       0
       0
       0
       0
       0
       0
       0
       0
       0
       0
       0
       0
       0
       0
       0
       0
       0
       0
       0
       0
       0
       0
       0
       0
       0
       0
       0
       0
       0
       0
       0
       0
       0
       0
       0
       0
       0
       0
       0
       0
       0
       0
       0
       0
       0
       0
       0
       0
       0
       0
       0
       0
       0
       0
$ROI:
0
$PRESETS:
Live Time
91000
0
$ENER_FIT:
0.000000 0.000000
$MCA_CAL:
3
0.000000E+000 0.000000E+000 0.000000E+000 
$SHAPE_CAL:
3
0.000000E+000 0.000000E+000 0.000000E+000
