$SPEC_ID:
Na-22
$SPEC_REM:
DET# 2
DETDESC# PHY-R11-80 MCB 129
AP# Maestro Version 7.01
$DATE_MEA:
11/16/2018 11:43:19
$MEAS_TIM:
180 181
$DATA:
0 2047
       0
       0
       0
       6
     148
     172
     182
     297
     453
     613
     791
    1145
    1747
    2704
    3534
    3851
    3581
    3124
    2718
    2659
    2456
    2009
    1742
    1670
    1813
    2458
    2965
    3372
    3572
    3471
    3581
    3538
    3645
    3680
    3296
    2616
    1902
    1136
     663
     300
     206
     156
     155
     135
     139
     188
     200
     247
     276
     337
     387
     474
     547
     653
     801
     942
    1130
    1376
    1610
    1792
    2084
    2506
    3070
    3878
    4978
    6396
    8472
   11007
   13578
   16755
   19209
   21461
   22636
   22041
   20234
   17249
   13489
    9801
    6696
    4073
    2348
    1336
     688
     360
     209
     161
     147
     130
     142
     140
     136
     152
     139
     142
     145
     141
     137
     133
     118
     128
     135
     131
      99
     137
     123
     145
     117
     113
     126
     111
     122
     103
     121
     118
     128
     107
     122
     102
     124
      95
     137
     113
     107
     104
     131
     122
     116
     106
     130
     128
     108
     107
     122
     105
      94
      90
      98
      98
     108
      97
     105
     111
      87
      95
      84
      90
      90
      91
     115
      93
      96
      98
     102
     105
      90
      85
      92
      96
      94
      85
      90
      87
      83
      68
      71
      76
      67
      70
      70
      77
      72
      76
      79
      81
      61
      71
      71
      79
      65
      68
      73
      74
      62
      68
      65
      75
      65
      69
      69
      74
      61
      58
      48
      56
      61
      53
      56
      56
      65
      58
      55
      45
      52
      54
      57
      56
      44
      54
      49
      49
      59
      48
      45
      54
      37
      43
      53
      47
      58
      50
      42
      41
      48
      40
      46
      38
      53
      47
      59
      51
      61
      44
      42
      40
      36
      42
      44
      31
      42
      42
      32
      59
      31
      32
      51
      39
      49
      44
      55
      45
      46
      36
      35
      41
      38
      32
      38
      29
      28
      41
      33
      34
      38
      32
      37
      33
      39
      27
      23
      48
      33
      25
      33
      47
      31
      37
      36
      41
      41
      32
      28
      37
      40
      44
      31
      28
      39
      34
      22
      32
      27
      25
      37
      42
      26
      30
      38
      31
      28
      24
      30
      33
      23
      24
      22
      35
      25
      27
      30
      23
      23
      29
      22
      29
      14
      26
      28
      18
      28
      20
      22
      15
      18
      16
      30
      13
      25
      19
      18
      15
      22
      14
      18
      19
      21
      22
      21
      19
      14
      14
      24
      15
      17
      18
      22
      24
      20
      20
      17
      16
      15
      14
      18
      19
      11
      19
      22
       8
      16
      18
      17
      26
      17
      12
      15
      14
       8
      21
       9
      24
      14
      18
      21
      16
       8
      12
      12
      22
      11
      14
      12
       9
      12
      13
      15
       8
      25
      15
      12
      15
      15
       9
      13
      17
      12
      16
      16
      11
      12
      17
      17
      15
       8
      16
      16
      11
      16
       9
      14
      13
      10
      10
      14
      13
      22
      13
      10
      13
       8
      13
       9
      11
      12
       9
      10
      11
       8
      17
       9
      10
      18
       5
      10
       7
      10
      13
       8
       6
      18
      14
       9
       6
      13
      13
      13
      13
       6
      11
      11
       9
       6
       5
       9
      10
       4
       6
      12
      10
       6
      15
       4
      14
      14
      10
      10
      10
       6
      10
      10
      13
       8
      10
       4
       4
       4
       2
       3
       1
       8
      10
       9
       5
      12
       5
      10
       7
       7
       5
       7
       5
       4
       7
       2
       5
       2
       9
       4
       8
       4
      10
       7
      11
      10
      10
       8
      12
       4
       9
       4
       6
       9
       6
       8
       6
      10
       9
       7
       8
       3
      10
       3
       4
       8
       5
       4
       4
       9
       7
       2
       6
       7
       6
       6
       9
       8
       8
       6
       6
      17
       7
       9
       4
       7
       6
      11
       5
       4
       5
       7
       4
       1
       6
       7
       7
       2
       6
      10
       7
       5
       3
      10
       4
       7
       8
       5
       3
       5
       4
       5
       6
       5
       1
       9
       3
       7
       8
       3
       4
       7
       5
       8
       8
       3
       9
       5
       4
       4
       4
       5
       6
       3
       4
       4
       2
      11
       2
       2
       3
      10
       7
       4
       2
       5
      11
       6
       4
       3
       3
       9
       5
       7
       6
       6
       4
       2
       8
       7
       7
       2
       4
       4
       4
       4
       3
       1
       2
       6
       1
       5
       7
       3
       3
       5
       2
       6
       7
       7
       2
       4
       7
       5
       5
       5
       6
       6
       7
       7
       3
       8
       5
       3
       2
       7
       4
       3
       5
       3
       4
       4
       3
       3
       2
       3
       4
       4
       3
      11
       4
       3
       3
       5
       7
       5
       3
       4
       4
       3
       2
      10
       6
       3
       4
       8
       6
       4
       7
       1
       3
       5
       7
       2
      10
       6
       4
       3
       3
       7
       9
       4
       6
       3
       4
       7
       8
       7
       6
       3
       2
       2
       4
       2
       4
       3
       3
       7
       4
       5
       9
       4
       6
       2
      10
       4
       6
       5
       4
       4
       3
       6
       3
       3
       1
       5
       6
       1
       4
       1
       3
       5
       4
       4
       3
       4
       1
       4
       5
       5
       1
       6
       4
       5
       6
       3
       3
       2
       5
       6
       4
       5
       5
       4
       4
       1
       5
       4
       5
       1
       1
       4
       2
       5
       1
       4
       2
       5
       6
       4
       7
       1
       4
       2
       6
       3
       3
       3
       4
       3
       2
       3
       4
       2
       4
       3
       6
       5
       6
       1
       5
       4
       5
       1
       4
       1
       3
       2
       2
       2
       4
       2
       4
       2
       4
       4
       6
       3
       1
       3
       2
       3
       5
       1
       3
       2
       8
       3
       2
       2
       2
       3
       3
       4
       2
       3
       1
       2
       4
       4
       5
       2
       2
       1
       4
       1
       2
       1
       0
       3
       2
       1
       1
       3
       1
       2
       2
       3
       0
       1
       2
       2
       1
       4
       3
       1
       1
       0
       1
       1
       6
       4
       1
       2
       3
       7
       4
       3
       3
       1
       5
       5
       2
       2
       2
       3
       0
       0
       2
       1
       5
       4
       2
       2
       1
       4
       2
       1
       1
       2
       3
       5
       3
       0
       4
       3
       1
       2
       1
       1
       6
       3
       1
       4
       0
       1
       0
       1
       4
       1
       2
       1
       1
       2
       3
       0
       0
       5
       0
       4
       2
       2
       1
       2
       2
       0
       0
       3
       2
       3
       4
       1
       1
       2
       2
       0
       1
       3
       2
       0
       1
       1
       0
       0
       1
       3
       1
       0
       2
       4
       2
       1
       2
       1
       3
       1
       3
       1
       3
       3
       4
       1
       1
       1
       3
       1
       1
       1
       1
       3
       3
       0
       2
       4
       5
       3
       0
       1
       1
       0
       0
       2
       2
       2
       3
       0
       0
       0
       1
       2
       0
       0
       4
       1
       0
       3
       2
       1
       0
       1
       2
       2
       3
       1
       1
       0
       1
       1
       2
       3
       1
       0
       3
       0
       2
       1
       1
       1
       2
       0
       1
       3
       1
       3
       1
       2
       3
       3
       1
       1
       2
       1
       3
       1
       2
       3
       2
       4
       3
       1
       1
       2
       0
       2
       2
       1
       1
       1
       1
       1
       0
       4
       1
       1
       3
       3
       2
       3
       0
       2
       3
       2
       3
       3
       2
       2
       3
       1
       2
       3
       2
       2
       0
       2
       3
       2
       1
       4
       3
       1
       1
       5
       1
       1
       2
       1
       0
       1
       1
       2
       2
       0
       2
       0
       4
       0
       2
       4
       1
       3
       1
       2
       1
       2
       3
       6
       2
       2
       2
       1
       2
       1
       1
       2
       0
       1
       0
       0
       0
       3
       1
       3
       2
       1
       2
       1
       0
       1
       2
       1
       0
       1
       1
       1
       0
       1
       1
       3
       1
       0
       0
       3
       1
       2
       0
       1
       0
       2
       1
       3
       2
       1
       1
       3
       2
       2
       1
       1
       1
       0
       1
       1
       1
       6
       4
       2
       2
       0
       1
       0
       0
       2
       2
       3
       0
       1
       0
       0
       0
       2
       0
       1
       1
       1
       1
       0
       1
       0
       2
       1
       1
       1
       0
       3
       0
       1
       0
       2
       1
       1
       0
       0
       4
       1
       0
       0
       1
       1
       0
       0
       0
       1
       1
       2
       1
       2
       0
       3
       0
       0
       0
       0
       2
       1
       0
       0
       2
       4
       2
       2
       2
       0
       2
       0
       3
       2
       1
       0
       1
       0
       2
       0
       1
       1
       1
       0
       2
       3
       1
       3
       0
       2
       2
       0
       2
       1
       2
       1
       0
       1
       2
       1
       0
       1
       3
       1
       2
       4
       1
       3
       1
       2
       3
       1
       0
       2
       1
       2
       0
       2
       0
       1
       1
       0
       2
       1
       3
       1
       0
       0
       0
       0
       1
       1
       3
       0
       2
       0
       2
       1
       0
       0
       0
       1
       0
       1
       3
       0
       1
       3
       2
       2
       2
       1
       1
       2
       0
       0
       0
       1
       2
       0
       0
       2
       3
       1
       0
       2
       0
       2
       0
       1
       1
       3
       0
       0
       3
       2
       1
       1
       0
       0
       2
       3
       3
       3
       1
       0
       1
       0
       1
       0
       3
       3
       0
       4
       0
       5
       2
       2
       0
       0
       1
       2
       0
       0
       3
       0
       1
       0
       2
       0
       2
       0
       2
       2
       1
       2
       0
       2
       1
       2
       0
       1
       0
       1
       1
       1
       0
       0
       1
       1
       0
       1
       1
       2
       2
       1
       1
       1
       0
       0
       0
       1
       0
       0
       0
       2
       1
       1
       1
       0
       1
       0
       0
       3
       0
       1
       1
       1
       0
       1
       1
       0
       1
       1
       2
       1
       0
       0
       0
       1
       1
       0
       2
       2
       0
       2
       0
       1
       0
       0
       0
       1
       0
       1
       0
       0
       0
       2
       0
       0
       2
       0
       0
       0
       2
       1
       0
       2
       1
       0
       0
       0
       0
       1
       0
       0
       0
       2
       1
       0
       1
       0
       1
       0
       0
       1
       2
       0
       0
       1
       0
       0
       1
       0
       2
       1
       0
       3
       0
       0
       0
       0
       0
       0
       2
       0
       0
       0
       2
       0
       1
       1
       0
       1
       0
       0
       0
       0
       0
       1
       0
       0
       0
       0
       1
       0
       0
       1
       1
       2
       0
       1
       1
       0
       0
       2
       2
       0
       1
       0
       0
       0
       0
       0
       2
       1
       0
       1
       1
       0
       0
       1
       0
       0
       1
       1
       1
       0
       2
       0
       3
       0
       1
       0
       1
       0
       1
       0
       2
       0
       0
       2
       0
       0
       1
       0
       2
       2
       1
       0
       2
       1
       0
       1
       0
       0
       1
       0
       0
       0
       1
       0
       0
       1
       0
       0
       1
       0
       2
       0
       0
       0
       1
       1
       0
       1
       0
       1
       0
       0
       0
       0
       2
       1
       0
       1
       1
       0
       2
       0
       4
       2
       1
       0
       1
       0
       1
       1
       1
       0
       0
       1
       2
       0
       1
       1
       0
       1
       1
       0
       2
       1
       2
       1
       0
       0
       2
       0
       1
       0
       3
       1
       1
       2
       1
       2
       1
       3
       3
       0
       2
       0
       2
       2
       2
       4
       2
       1
       1
       1
       2
       0
       2
       1
       4
       2
       2
       3
       1
       1
       4
       1
       2
       0
       0
       3
       2
       1
       2
       2
       2
       3
       2
       2
       2
       1
       2
       0
       2
       2
       1
       2
       4
       1
       0
       3
       2
       1
       2
       1
       0
       2
       0
       1
       2
       1
       2
       2
       2
       3
       1
       1
       1
       0
       1
       1
       0
       2
       0
       2
       0
       0
       1
       0
       0
       0
       0
       0
       0
       1
       1
       0
       1
       0
       1
       1
       0
       1
       1
       0
       0
       1
       0
       0
       1
       0
       0
       0
       0
       0
       1
       0
       0
       0
       0
       1
       1
       0
       3
       0
       0
       0
       0
       0
       0
       0
       1
       0
       0
       0
       2
       2
       0
       0
       0
       0
       0
       0
       0
       2
       0
       0
       1
       0
       0
       0
       1
       1
       1
       0
       1
       1
       0
       0
       0
       0
       2
       0
       0
       2
       0
       0
       0
       0
       0
       0
       1
       1
       0
       0
       3
       0
       0
       1
       1
       0
       0
       0
       0
       0
       1
       0
       0
       0
       1
       0
       2
       1
       0
       0
       1
       1
       0
       0
       0
       0
       0
       0
       0
       1
       0
       0
       0
       0
       0
       0
       0
       0
       0
       0
       0
       0
       0
       1
       0
       0
       0
       0
       0
       1
       0
       1
       1
       1
       0
       0
       1
       0
       0
       1
       0
       0
       0
       0
       0
       1
       0
       0
       0
       0
       0
       0
       1
       1
       0
       0
       1
       0
       0
       0
       0
       0
       1
       0
       1
       0
       0
       0
       0
       1
       0
       0
       0
       0
       0
       0
       0
       1
       0
       0
       0
       0
       0
       0
       0
       0
       0
       1
       0
       0
       0
       0
       0
       0
       0
       0
       1
       0
       0
       0
       0
       0
       0
       0
       0
       0
       0
       1
       0
       1
       0
       0
       0
       0
       0
       1
       0
       0
       0
       0
       0
       0
       0
       0
       0
       0
       0
       0
       0
       0
       0
       0
       0
       0
       0
       0
       0
       0
       0
       0
       0
       0
       0
       0
       0
       0
       0
       0
       0
       0
       0
       0
       0
       0
       0
       0
       0
       0
       0
       0
       0
       0
       0
       0
       0
       0
       0
       0
       0
       0
       0
       0
       0
       0
       0
       0
       0
       0
       0
       0
       0
       0
       0
       0
       0
       0
       0
       0
       0
       0
       0
       0
       0
       0
       0
       0
       0
       0
       0
       0
       0
       0
       0
       0
       0
       0
       0
       0
       0
$ROI:
0
$PRESETS:
Live Time
180
0
$ENER_FIT:
0.000000 0.000000
$MCA_CAL:
3
0.000000E+000 0.000000E+000 0.000000E+000 
$SHAPE_CAL:
3
0.000000E+000 0.000000E+000 0.000000E+000
