$SPEC_ID:
Na-22
$SPEC_REM:
DET# 1
DETDESC# PHY-R11-80 MCB 129
AP# Maestro Version 7.01
$DATE_MEA:
12/07/2018 12:16:32
$MEAS_TIM:
153 159
$DATA:
0 2047
       0
       0
       1
       2
       5
       8
       8
       9
       8
      18
      13
     215
   84528
  145139
   62056
   25022
   10575
    4871
    2753
    1971
    1428
    1231
    1015
     879
     829
     736
     685
     632
     601
     609
     491
     426
     418
     406
     354
     362
     370
     340
     303
     302
     286
     283
     238
     247
     220
     177
     188
     162
     159
     155
     137
     136
     106
      92
      85
     112
      76
      69
      64
      52
      63
      53
      52
      47
      49
      57
      60
      55
      54
      39
      43
      39
      31
      39
      29
      26
      35
      45
      39
      35
      41
      25
      36
      31
      32
      35
      23
      27
      26
      23
      31
      30
      22
      30
      31
      30
      30
      25
      30
      35
      19
      21
      27
      31
      23
      21
      17
      15
      21
      19
      26
      30
      24
      18
      14
      23
      14
      17
      21
      25
      20
      22
      27
      16
      18
      17
      12
      13
      10
      19
      21
      18
      20
      17
      22
      19
      23
      15
      23
      22
      16
      18
      14
      25
      16
      18
      21
      26
      18
      19
      14
      20
      18
      21
      29
      23
      17
      27
      21
      22
      16
      23
      22
      30
      25
      25
      26
      24
      28
      19
      25
      15
      20
      19
      17
      21
      19
      16
      17
      21
      13
      26
      27
      16
      21
      23
      18
      22
      25
      31
      27
      19
      16
      21
      20
      17
      19
      21
      24
      18
      21
      22
      18
      24
      27
      20
      29
      19
      20
      12
      22
      22
      18
      14
      24
      21
      13
      15
      18
      20
      20
      18
      18
      28
      27
      22
      27
      22
      12
      19
      18
      20
      20
      24
      27
      22
      17
      26
      23
      22
      21
      19
      23
      26
      19
      18
      26
      22
      21
      27
      24
      23
      17
      28
      23
      16
      17
      26
      23
      19
      18
      21
      17
      21
      22
      31
      21
      19
      25
      23
      22
      22
      29
      19
      19
      22
      25
      29
      28
      21
      33
      21
      19
      31
      34
      23
      29
      27
      26
      18
      29
      32
      31
      27
      29
      28
      18
      24
      32
      23
      25
      31
      34
      30
      21
      39
      31
      33
      36
      32
      25
      31
      34
      28
      31
      20
      23
      27
      35
      30
      35
      32
      44
      32
      35
      49
      31
      40
      31
      34
      38
      33
      37
      43
      39
      32
      37
      26
      36
      48
      46
      32
      33
      34
      35
      41
      34
      37
      35
      44
      32
      47
      39
      29
      30
      29
      36
      38
      39
      34
      27
      28
      39
      38
      37
      39
      30
      32
      28
      35
      35
      41
      35
      35
      29
      50
      37
      35
      30
      35
      31
      23
      31
      35
      50
      25
      30
      49
      35
      22
      31
      37
      30
      33
      41
      30
      45
      38
      32
      48
      35
      34
      36
      50
      36
      44
      44
      35
      30
      36
      43
      44
      45
      49
      43
      37
      31
      41
      42
      34
      34
      40
      41
      47
      43
      34
      58
      42
      50
      39
      52
      52
      46
      42
      41
      45
      50
      53
      50
      56
      64
      59
      50
      54
      42
      63
      55
      61
      48
      57
      56
      58
      57
      53
      54
      52
      65
      66
      63
      58
      57
      61
      61
      73
      57
      69
      55
      50
      68
      62
      67
      53
      59
      64
      57
      58
      71
      59
      67
      57
      75
      72
      64
      65
      65
      64
      71
      71
      65
      69
      58
      69
      68
      68
      69
      74
      66
      62
      62
      68
      69
      67
      45
      63
      73
      60
      62
      68
      82
      64
      62
      75
      59
      63
      57
      61
      62
      54
      59
      64
      55
      55
      53
      51
      53
      50
      56
      64
      53
      70
      66
      49
      53
      64
      47
      52
      43
      41
      55
      42
      51
      52
      52
      51
      52
      57
      58
      47
      50
      52
      49
      44
      68
      53
      47
      49
      54
      61
      55
      54
      64
      62
      55
      53
      58
      59
      46
      62
      55
      68
      58
      65
      59
      61
      71
      64
      64
      67
      59
      75
      53
      70
      76
      78
      72
      53
      67
      56
      65
      63
      80
      72
      73
      72
      76
      71
      65
      65
      67
      68
      70
      63
      76
      77
      73
      74
      87
      67
      77
      72
      76
      71
      72
      76
      73
      97
      64
      65
      71
      70
      78
      79
      69
      83
      90
      95
      93
      88
      84
      66
      79
      95
      95
      82
      81
      87
      76
      72
      88
      69
     102
      72
      69
      98
      97
      74
      76
      87
      82
      78
      67
      80
      86
      91
      64
      88
      79
      70
      83
      78
      84
      95
      89
      89
      78
      91
      90
      78
      79
      93
      92
      71
      62
      89
     100
      81
      85
      92
      89
     102
      79
      87
      75
      80
     107
     107
      90
      89
     107
      79
      90
      88
      91
     129
     116
     113
      99
      91
     116
     105
     106
     110
     114
      98
     119
     105
      91
     110
     107
     104
     107
     132
     110
     107
      99
     138
     116
     150
     127
     114
     132
     116
     119
     122
     125
     113
     123
     127
     117
     129
     125
     141
     128
     151
     149
     145
     145
     140
     107
     134
     137
     160
     154
     144
     168
     146
     152
     139
     150
     154
     168
     189
     156
     164
     181
     163
     181
     179
     180
     190
     202
     184
     182
     197
     207
     188
     194
     200
     233
     203
     211
     221
     218
     207
     222
     196
     230
     254
     259
     254
     229
     238
     262
     238
     265
     273
     275
     283
     280
     282
     282
     307
     283
     288
     244
     307
     313
     300
     312
     301
     357
     350
     323
     306
     311
     352
     327
     383
     367
     360
     383
     346
     345
     381
     366
     386
     366
     340
     427
     374
     419
     411
     410
     426
     401
     388
     448
     441
     428
     410
     430
     456
     422
     432
     460
     457
     429
     436
     458
     438
     478
     439
     438
     454
     458
     470
     441
     475
     460
     471
     472
     453
     463
     478
     452
     467
     445
     477
     461
     458
     418
     414
     434
     487
     447
     407
     460
     417
     416
     416
     423
     465
     400
     442
     411
     432
     418
     431
     418
     384
     416
     395
     424
     411
     407
     423
     400
     363
     390
     386
     351
     351
     376
     364
     361
     367
     363
     362
     382
     360
     341
     339
     366
     336
     342
     362
     362
     325
     346
     336
     308
     341
     364
     354
     323
     368
     317
     323
     355
     361
     363
     350
     338
     357
     328
     369
     348
     361
     357
     370
     381
     355
     351
     353
     360
     363
     350
     397
     384
     367
     367
     337
     362
     406
     366
     346
     380
     416
     385
     377
     348
     402
     402
     368
     409
     413
     398
     406
     389
     388
     376
     386
     388
     381
     418
     362
     416
     386
     374
     364
     370
     370
     381
     363
     349
     385
     368
     386
     364
     348
     328
     342
     338
     359
     318
     327
     327
     331
     309
     325
     287
     282
     305
     291
     290
     283
     266
     261
     278
     222
     249
     247
     240
     253
     250
     226
     260
     217
     233
     209
     197
     195
     213
     196
     180
     185
     181
     183
     161
     150
     174
     148
     149
     167
     120
     147
     119
     125
     150
     128
     110
     114
     114
     120
     123
     119
      98
      89
      85
      93
      96
      86
      81
      65
      73
      85
      77
      71
      79
      62
      67
      75
      67
      53
      50
      72
      60
      50
      59
      49
      37
      53
      43
      39
      46
      48
      49
      41
      48
      51
      37
      33
      32
      36
      30
      37
      28
      28
      36
      36
      36
      30
      28
      31
      30
      28
      40
      41
      31
      25
      21
      36
      33
      24
      33
      33
      21
      24
      40
      30
      28
      40
      32
      28
      31
      37
      25
      27
      23
      27
      29
      27
      34
      29
      29
      16
      33
      23
      21
      20
      32
      20
      21
      22
      23
      30
      17
      26
      23
      17
      24
      22
      22
      29
      26
      28
      21
      17
      24
      26
      36
      19
      42
      20
      23
      23
      22
      29
      32
      20
      25
      23
      25
      27
      24
      21
      22
      28
      25
      29
      26
      23
      30
      25
      35
      31
      24
      18
      27
      25
      19
      40
      28
      27
      26
      28
      22
      42
      36
      25
      29
      23
      26
      19
      23
      30
      22
      19
      32
      24
      27
      20
      29
      31
      26
      26
      19
      24
      27
      24
      19
      18
      29
      23
      22
      22
      24
      19
      22
      18
      21
      28
      29
      29
      28
      30
      16
      26
      27
      30
      25
      13
      21
      26
      25
      29
      27
      18
      20
      32
      29
      34
      28
      35
      25
      27
      36
      24
      21
      21
      25
      24
      21
      35
      26
      24
      29
      25
      22
      24
      21
      22
      26
      22
      29
      34
      23
      25
      29
      32
      25
      25
      27
      24
      32
      21
      30
      27
      21
      27
      25
      15
      21
      21
      25
      24
      28
      24
      23
      26
      25
      20
      27
      14
      26
      19
      21
      27
      26
      31
      20
      23
      19
      21
      27
      29
      22
      26
      22
      21
      25
      37
      25
      32
      17
      20
      33
      29
      31
      33
      27
      30
      26
      26
      27
      25
      23
      21
      27
      24
      21
      19
      37
      24
      29
      29
      23
      26
      26
      27
      21
      31
      19
      33
      30
      22
      29
      27
      25
      25
      26
      34
      20
      27
      35
      23
      27
      20
      24
      22
      24
      26
      28
      24
      26
      22
      21
      25
      22
      26
      30
      27
      18
      28
      23
      30
      28
      35
      32
      30
      24
      27
      26
      18
      29
      22
      36
      23
      23
      24
      27
      26
      31
      20
      25
      29
      24
      23
      36
      33
      31
      34
      30
      42
      25
      31
      22
      26
      22
      23
      32
      33
      25
      22
      20
      32
      24
      31
      35
      22
      24
      27
      18
      27
      32
      31
      28
      26
      24
      26
      25
      39
      26
      24
      33
      28
      39
      29
      22
      28
      34
      27
      30
      30
      27
      28
      30
      24
      24
      27
      31
      34
      30
      24
      28
      39
      32
      22
      22
      35
      32
      33
      29
      24
      24
      29
      23
      32
      33
      25
      28
      22
      25
      23
      22
      30
      23
      29
      27
      28
      19
      36
      27
      16
      30
      27
      31
      26
      27
      27
      23
      23
      24
      19
      22
      25
      26
      25
      36
      27
      33
      31
      30
      30
      23
      29
      15
      21
      27
      21
      29
      26
      36
      45
      34
      21
      27
      27
      26
      26
      23
      28
      29
      21
      23
      22
      36
      22
      31
      20
      35
      37
      27
      23
      28
      29
      30
      22
      30
      18
      27
      30
      35
      21
      31
      27
      25
      24
      20
      21
      27
      31
      25
      32
      24
      19
      29
      23
      41
      28
      24
      23
      30
      22
      18
      24
      28
      27
      32
      24
      13
      19
      27
      32
      32
      18
      19
      33
      26
      23
      26
      27
      41
      28
      31
      25
      22
      22
      23
      24
      31
      29
      31
      42
      32
      30
      24
      32
      25
      20
      26
      30
      25
      28
      30
      25
      24
      29
      29
      23
      33
      22
      20
      18
      32
      21
      22
      29
      27
      20
      24
      24
      23
      25
      23
      20
      35
      25
      21
      26
      23
      23
      31
      36
      27
      33
      30
      23
      28
      34
      34
      21
      23
      29
      18
      17
      21
      44
      23
      25
      23
      28
      28
      34
      24
      29
      25
      20
      24
      22
      30
      18
      25
      26
      31
      29
      31
      20
      31
      24
      23
      29
      31
      18
      25
      15
      31
      28
      21
      26
      19
      24
      30
      20
      23
      24
      31
      20
      29
      29
      29
      22
      23
      28
      32
      23
      33
      22
      28
      29
      24
      21
      27
      22
      31
      24
      36
      32
      22
      34
      24
      26
      28
      26
      28
      24
      35
      32
      27
      35
      24
      31
      24
      23
      23
      33
      24
      29
      27
      33
      27
      20
      27
      27
      40
      26
      27
      27
      31
      20
      26
      32
      26
      26
      20
      30
      30
      30
      14
      20
      27
      21
      32
      22
      29
      33
      34
      32
      29
      22
      26
      20
      26
      15
      19
      25
      31
      25
      18
      21
      21
      32
      37
      33
      26
      21
      39
      17
      35
      34
      26
      28
      24
      24
      33
      27
      34
      26
      25
      20
      24
      22
      27
      21
      26
      24
      25
      36
      21
      27
      28
      33
      29
      21
      20
      33
      17
      17
      25
      32
      28
      24
      39
      21
      30
      28
      28
      30
      17
      20
      41
      32
      29
      24
      23
      23
      23
      25
      27
      22
      29
      24
      30
      37
      33
      27
      31
      27
      31
      22
      28
      26
      17
      36
      22
      33
      24
      24
      22
      23
      21
      35
      20
      19
      33
      31
      21
      29
      34
      21
      28
      25
      18
      23
      22
      24
      21
      24
      14
      29
      26
      32
      25
      21
      25
      17
       4
       2
       1
       1
       1
       0
       0
       0
       1
       0
       0
       0
       0
       0
       0
       0
       1
       0
       0
       0
       0
       0
       0
       0
       0
       0
       0
       0
       0
       0
       0
       0
       0
       0
       0
       0
       0
       0
       0
       0
       0
       0
       0
       1
       0
       0
       0
       0
       0
       0
       0
       0
       0
       0
       0
       0
       0
       0
       0
       0
       0
       0
       0
       0
       0
       0
       0
       0
       0
       0
       0
       0
       0
       0
       0
       0
       0
       0
       0
       0
       0
       0
       0
       0
       0
       0
       0
       0
       0
       0
       0
       0
       0
       0
       0
       0
       0
       0
       0
       0
       0
       0
       0
       0
       0
       0
       0
       0
       0
       0
       0
       0
       0
       0
       0
       0
       0
       0
       0
       0
       0
       0
       0
       0
       0
       0
       0
       0
       0
       0
       0
       0
       0
       0
       0
       0
       0
       0
       0
       0
       0
       0
       0
       0
       0
       0
       0
       0
       0
       0
       0
       0
       0
       0
       0
       0
       0
       0
       0
       0
       0
       0
       0
       0
       0
       0
       0
       0
       0
       0
       0
       0
       0
       0
       0
       0
       0
       0
       0
       0
       0
       0
$ROI:
0
$PRESETS:
Live Time
200
0
$ENER_FIT:
-27.333933 0.897223
$MCA_CAL:
3
-2.733393E+001 8.972232E-001 0.000000E+000 keV
$SHAPE_CAL:
3
0.000000E+000 0.000000E+000 0.000000E+000
