$SPEC_ID:
Na-22
$SPEC_REM:
DET# 1
DETDESC# PHY-R11-80 MCB 129
AP# Maestro Version 7.01
$DATE_MEA:
12/07/2018 14:19:10
$MEAS_TIM:
48 148
$DATA:
0 2047
       0
       0
       4
       8
       8
       5
       6
       6
       7
       5
       8
      12
      14
      32
      32
      38
      37
      38
      18
      24
      24
       9
      21
      14
      22
      13
      13
       7
      12
      12
      11
      14
      20
      12
       8
      10
      13
       9
      10
      11
      10
      11
       6
      12
      11
      13
      15
      16
      12
      14
       7
      16
      14
      13
      10
      17
      12
      19
      25
      40
      45
      43
      34
      41
      37
      44
      41
      37
      46
      43
      32
      45
      43
      46
      43
      54
      39
      42
      40
      31
      39
      47
      40
      54
      33
      40
      46
      40
      41
      43
      38
      44
      48
      45
      51
      42
      41
      49
      36
      53
      44
      37
      50
      44
      43
      49
      45
      37
      43
      42
      48
      36
      46
      43
      50
      42
      50
      47
      50
      42
      40
      44
      52
      41
      55
      52
      38
      57
      44
      46
      37
      39
      43
      50
      47
      39
      55
      55
      40
      42
      40
      52
      53
      43
      43
      38
      40
      46
      47
      51
      36
      46
      35
      55
      60
      49
      51
      46
      41
      51
      41
      38
      47
      49
      55
      44
      44
      49
      52
      49
      33
      39
      42
      51
      41
      46
      43
      50
      51
      39
      41
      51
      52
      40
      34
      40
      51
      49
      46
      48
      46
      47
      43
      36
      40
      36
      43
      40
      53
      43
      51
      53
      47
      37
      41
      50
      49
      43
      51
      53
      39
      44
      51
      44
      45
      53
      48
      41
      52
      37
      39
      44
      42
      38
      40
      33
      48
      45
      57
      46
      46
      45
      44
      43
      44
      53
      42
      53
      44
      39
      50
      48
      53
      47
      57
      36
      42
      43
      40
      48
      42
      44
      57
      52
      44
      43
      59
      51
      43
      43
      42
      47
      48
      59
      42
      53
      45
      42
      41
      43
      54
      45
      48
      39
      46
      41
      58
      42
      44
      48
      40
      41
      40
      43
      46
      36
      51
      46
      51
      41
      55
      53
      53
      43
      58
      43
      45
      53
      56
      50
      47
      52
      49
      47
      40
      51
      46
      56
      42
      44
      52
      43
      51
      60
      51
      61
      50
      44
      44
      51
      45
      61
      48
      52
      41
      41
      54
      46
      55
      65
      62
      62
      40
      42
      36
      39
      44
      64
      61
      46
      37
      49
      29
      35
      33
      46
      56
      39
      46
      53
      38
      43
      50
      38
      48
      45
      42
      40
      50
      59
      44
      51
      30
      43
      33
      47
      47
      53
      44
      47
      43
      53
      49
      44
      42
      36
      51
      45
      55
      60
      51
      46
      48
      43
      39
      46
      56
      57
      39
      59
      40
      45
      50
      44
      53
      62
      56
      31
      45
      44
      40
      55
      44
      39
      42
      45
      44
      64
      48
      47
      40
      48
      42
      59
      50
      48
      52
      52
      55
      54
      59
      52
      44
      49
      52
      35
      47
      54
      55
      49
      41
      47
      57
      47
      41
      47
      36
      39
      42
      42
      67
      43
      61
      45
      58
      50
      45
      55
      47
      55
      52
      46
      58
      50
      41
      49
      41
      47
      41
      40
      56
      57
      46
      43
      45
      48
      69
      50
      54
      53
      45
      37
      47
      47
      49
      63
      47
      58
      41
      52
      55
      59
      52
      54
      40
      37
      42
      63
      55
      43
      57
      64
      63
      60
      53
      63
      55
      42
      50
      58
      52
      55
      41
      46
      52
      62
      59
      50
      52
      56
      56
      51
      52
      56
      64
      54
      50
      48
      57
      57
      61
      70
      57
      63
      49
      67
      57
      68
      65
      64
      63
      63
      62
      51
      65
      51
      67
      64
      64
      62
      65
      68
      59
      71
      58
      58
      71
      76
      62
      62
      66
      75
      69
      62
      68
      62
      64
      62
      79
      69
      65
      76
      66
      66
      61
      64
      74
      67
      79
      77
      81
      70
      76
      72
      69
      72
      73
      70
      73
      88
      72
      69
      76
      62
      75
      75
      79
      67
      59
      62
      57
      78
      72
      80
      70
      59
      64
      69
      75
      66
      72
      78
      86
      66
      62
      70
      86
      71
      80
      69
      60
      80
      76
      85
      69
      65
      73
      75
      59
      54
      70
      58
      66
      73
      67
      64
      82
      81
      64
      66
      67
      65
      67
      79
      77
      61
      66
      70
      63
      69
      60
      76
      75
      70
      77
      75
      62
      87
      75
      73
      72
      58
      67
      69
      62
      60
      63
      78
      51
      68
      67
      84
      68
      67
      72
      81
      67
      54
      82
      66
      64
      58
      68
      70
      82
      67
      69
      83
      75
      65
      63
      91
      80
      85
      67
      97
      84
      88
      77
      99
      88
      74
      92
      80
      90
      75
      88
      74
      92
     106
      94
      95
     117
      96
      92
     102
     113
     102
     101
     102
      96
     109
      85
     114
     100
     116
     102
     105
     114
     120
     120
     132
     119
     128
     125
     109
     152
     116
     112
     117
     143
     144
     118
     122
     123
     142
     140
     138
     134
     139
     144
     147
     134
     125
     131
     149
     157
     141
     160
     142
     161
     155
     134
     156
     178
     174
     157
     154
     201
     170
     164
     154
     168
     173
     160
     166
     177
     165
     187
     162
     178
     176
     203
     181
     175
     196
     227
     175
     179
     204
     185
     166
     196
     192
     193
     200
     214
     204
     186
     181
     219
     233
     204
     204
     206
     209
     227
     186
     205
     211
     221
     246
     206
     244
     226
     229
     254
     232
     228
     227
     240
     247
     235
     236
     220
     238
     218
     228
     262
     224
     268
     256
     241
     241
     236
     256
     253
     247
     226
     229
     244
     251
     251
     255
     246
     250
     232
     249
     230
     253
     240
     245
     257
     243
     235
     263
     222
     234
     207
     233
     227
     230
     213
     220
     221
     235
     202
     219
     200
     216
     223
     221
     186
     193
     177
     193
     183
     194
     205
     175
     182
     177
     172
     191
     151
     148
     154
     171
     162
     173
     140
     150
     168
     148
     172
     140
     150
     128
     153
     153
     125
     134
     153
     151
     133
     129
     126
     121
     117
     134
     124
     135
     137
     144
     114
     123
     115
     121
     116
     121
     144
     109
     107
     134
     129
     117
     110
     111
     124
     116
     122
     124
     118
     129
     111
     115
     113
     127
     111
     122
     108
     124
     125
     128
     120
     118
     127
     135
     140
     123
     135
     128
     130
     126
     129
     113
     133
     136
     119
     156
     127
     130
     151
     145
     154
     141
     141
     119
     151
     140
     136
     138
     134
     138
     143
     140
     152
     168
     180
     155
     155
     178
     177
     145
     157
     134
     159
     149
     161
     171
     185
     160
     179
     171
     180
     180
     151
     178
     162
     214
     183
     163
     184
     195
     178
     178
     194
     186
     192
     182
     189
     196
     224
     207
     212
     203
     201
     217
     195
     207
     202
     212
     199
     214
     219
     220
     204
     226
     221
     246
     207
     216
     207
     180
     216
     210
     215
     202
     209
     210
     218
     228
     216
     219
     224
     203
     215
     216
     222
     201
     208
     211
     200
     183
     216
     186
     214
     201
     198
     187
     208
     193
     200
     206
     205
     188
     198
     189
     203
     225
     209
     192
     176
     172
     179
     188
     173
     199
     198
     161
     191
     181
     194
     168
     193
     189
     180
     140
     171
     169
     169
     176
     173
     142
     188
     167
     149
     148
     160
     162
     151
     167
     160
     158
     142
     149
     158
     164
     160
     167
     179
     144
     159
     151
     144
     141
     143
     164
     152
     161
     149
     170
     134
     153
     133
     133
     158
     160
     154
     143
     153
     127
     145
     140
     128
     152
     185
     121
     136
     168
     150
     143
     143
     137
     155
     158
     168
     141
     143
     157
     147
     151
     142
     151
     153
     155
     178
     153
     157
     152
     186
     161
     151
     188
     168
     158
     152
     166
     146
     177
     172
     182
     187
     174
     174
     183
     150
     180
     161
     165
     164
     166
     176
     180
     164
     177
     180
     179
     162
     167
     188
     177
     208
     198
     172
     169
     184
     181
     188
     167
     207
     177
     167
     165
     166
     174
     172
     182
     186
     198
     178
     210
     186
     194
     195
     202
     186
     184
     180
     191
     180
     184
     182
     198
     211
     191
     173
     171
     206
     176
     200
     210
     199
     192
     185
     173
     180
     185
     180
     180
     210
     186
     190
     205
     198
     199
     188
     222
     167
     204
     187
     177
     192
     193
     184
     193
     202
     189
     196
     201
     215
     186
     202
     205
     212
     191
     190
     216
     223
     212
     200
     215
     210
     202
     250
     196
     238
     229
     207
     233
     221
     183
     230
     238
     221
     210
     223
     234
     256
     232
     278
     244
     237
     248
     275
     265
     267
     259
     260
     275
     271
     250
     262
     284
     307
     284
     296
     313
     309
     281
     308
     319
     353
     343
     339
     341
     330
     335
     330
     348
     326
     339
     396
     410
     375
     372
     406
     419
     413
     413
     404
     400
     439
     441
     449
     434
     404
     435
     423
     408
     452
     476
     469
     516
     476
     494
     537
     558
     541
     556
     527
     558
     576
     591
     558
     616
     548
     620
     622
     660
     619
     671
     686
     662
     665
     653
     694
     695
     727
     743
     737
     714
     796
     795
     800
     744
     794
     779
     834
     812
     811
     859
     800
     808
     887
     897
     879
     922
     890
     929
     954
     898
     970
     945
    1055
     925
     994
     978
    1018
    1009
    1045
    1035
    1057
    1062
    1078
    1060
    1091
    1147
    1166
    1190
    1127
    1126
    1098
    1170
    1124
    1157
    1177
    1183
    1174
    1160
    1163
    1214
    1172
    1235
    1284
    1212
    1221
    1241
    1215
    1237
    1209
    1226
    1318
    1325
    1282
    1311
    1245
    1347
    1329
    1258
    1276
    1331
    1307
    1292
    1351
    1329
    1274
    1365
    1239
    1308
    1344
    1336
    1343
    1293
    1347
    1303
    1306
    1341
    1281
    1284
    1367
    1239
    1295
    1338
    1256
    1319
    1261
    1273
    1245
    1269
    1310
    1242
    1214
    1178
    1234
    1234
    1241
    1226
    1161
    1224
    1188
    1207
    1164
    1165
    1149
    1146
    1158
    1106
    1086
    1080
    1065
    1063
    1047
    1055
    1065
     994
     984
     985
    1072
    1002
    1008
     993
     943
     959
     964
     960
     999
     898
     957
     980
     910
     957
     924
     875
     882
     878
     897
     864
     869
     802
     851
     837
     882
     850
     799
     818
     831
     827
     801
     809
     814
     832
     790
     769
     790
     772
     790
     779
     723
     803
     767
     754
     736
     751
     780
     747
     772
     746
     818
     801
     759
     802
     770
     786
     795
     764
     797
     787
     735
     778
     791
     848
     753
     768
     807
     706
     798
     774
     840
     814
     870
     835
     907
     809
     817
     868
     861
     866
     890
     885
     862
     887
     889
     943
     977
     930
     922
     946
     909
     914
     960
     980
    1001
    1014
     968
     975
    1049
    1083
    1059
    1049
    1044
    1004
    1049
    1062
    1035
    1061
    1097
    1105
    1124
    1142
    1114
    1142
    1144
    1161
    1210
    1092
    1197
    1163
    1214
    1228
    1197
    1192
    1209
    1137
    1275
    1245
    1202
    1274
    1255
    1262
    1247
    1252
    1267
    1238
    1226
    1247
    1220
    1332
    1232
    1313
    1336
    1249
    1237
    1252
    1286
    1253
    1291
    1310
    1266
    1278
    1309
    1299
    1265
    1328
    1251
    1277
    1275
    1301
    1304
    1329
    1261
    1222
    1311
    1274
    1225
    1212
    1268
    1209
    1188
    1213
    1229
    1227
    1200
    1158
    1133
    1235
    1214
    1177
    1152
    1112
    1089
    1141
    1146
    1095
    1133
    1039
    1090
    1046
    1059
    1063
    1030
    1071
     990
    1014
    1022
    1000
     980
     972
     896
    1064
     925
     933
     879
     860
     949
     891
     854
     822
     812
     831
     795
     811
     763
     800
     784
     760
     684
     751
     719
     698
     701
     687
     714
     672
     652
     604
     616
     593
     595
     609
     623
     586
     525
     589
     528
     535
     494
     506
     480
     491
     480
     431
     489
     450
     464
     429
     444
     443
     360
     387
     386
     386
     354
     351
     356
     378
     362
     366
     322
     313
     310
     283
     275
     314
     263
     265
     289
     257
     266
     255
     259
     235
     239
     250
     228
     189
     193
     231
     188
     193
     194
     194
     193
     185
     150
     181
     164
     156
     141
     147
     145
     138
     151
     137
     139
     138
     142
     130
     125
     122
     127
     122
     129
     125
     125
     113
     118
     105
      98
     105
     102
      88
      75
      89
      96
      88
      82
      81
      98
     102
      78
      79
     111
      72
      80
      78
      75
      90
      71
      70
      64
      73
      70
      74
      69
      77
      70
      53
      44
      40
      33
      27
      29
      16
      12
      17
      10
      19
      16
      14
      16
      15
      16
      17
       7
      13
      12
      10
      12
       7
      14
      11
      22
       8
       8
      14
      10
      11
      17
      11
       8
       8
      13
      11
      17
       6
       8
      12
       8
      10
       8
      15
      11
      11
      11
      11
      16
      12
      14
      13
       6
      14
       5
       9
       8
       9
      10
       8
       9
       4
      12
       8
       7
       4
      17
      16
      10
      12
      10
      10
       6
       7
       4
       8
      10
       9
       3
       5
      13
       8
       6
       5
       6
      11
       5
       8
       6
       4
       8
       6
      15
       3
       6
       4
       3
       9
       6
       5
       7
       6
       3
       8
       2
       6
       4
       5
       3
       5
       4
       2
       3
       7
       3
       5
       3
       1
       4
       7
       6
       3
       2
       1
       3
       1
       1
       2
       0
       0
       0
       0
       0
       0
       0
       0
       0
       1
       0
       0
       1
       1
       0
       0
       1
       0
       0
       0
       0
       0
       0
       0
       1
       0
       0
       0
       0
       0
       0
       0
       0
       0
       0
       0
       0
       0
       0
       0
       0
       0
       0
       0
       0
       0
       0
       0
       0
       0
       0
       0
       0
       0
       0
       0
       0
       0
       0
       0
       0
       0
       0
       0
       0
       0
       0
       0
       0
       0
       0
       0
       0
       0
       0
       0
       0
       0
       0
       0
       0
       0
       0
       0
       0
       0
       0
       0
       0
       0
       0
       0
$ROI:
0
$PRESETS:
Live Time
200
0
$ENER_FIT:
-27.333933 0.897223
$MCA_CAL:
3
-2.733393E+001 8.972232E-001 0.000000E+000 keV
$SHAPE_CAL:
3
0.000000E+000 0.000000E+000 0.000000E+000
