$SPEC_ID:
No sample description was entered.
$SPEC_REM:
DET# 1
DETDESC# PHY-R11-68 MCB 129
AP# Maestro Version 7.01
$DATE_MEA:
03/15/2019 12:28:46
$MEAS_TIM:
100 100
$DATA:
0 2047
       0
       0
       0
       0
       0
       0
       0
       0
       0
       0
       0
       0
       0
       0
       0
       0
       0
       0
       0
       0
       0
       0
       0
       0
       0
       0
       0
       0
       0
       0
       0
       0
       0
       0
       0
       0
       0
       0
       0
       0
       0
       0
       0
       0
       0
       0
       0
       0
       0
       7
       9
      16
       9
      10
       6
      12
      15
      12
      16
      12
      16
      12
      13
       5
       6
      12
       9
      12
      14
       5
      11
      12
       8
       8
       7
       5
      11
       7
       9
      10
       7
       9
       5
       8
       6
       6
       9
       8
       2
       5
       5
       6
       7
      16
       9
       5
       6
       3
       5
       6
      10
       7
       8
       5
       8
      12
       6
       9
       6
       7
       6
       3
       4
       6
      12
       8
       6
       9
       9
      10
       6
       7
       6
       5
       6
       6
       8
       6
       5
       8
       4
       5
       9
       3
      10
       9
       3
       4
       3
       8
       5
       5
       1
       5
       7
       7
       8
       5
       8
       9
      13
       8
       3
       9
      10
       9
      10
       7
       6
       3
       6
       7
       2
       7
       8
       7
      10
       6
       4
       8
      11
       6
       4
       6
       7
       2
       7
       8
      11
       5
       3
       6
       4
       7
       6
       7
       2
      10
      11
       3
       4
       6
       5
       8
       4
       3
       4
       7
       6
       9
       6
       5
       8
       9
       7
       9
       6
       7
       9
       7
       4
       3
       3
       4
       7
       8
       8
       5
       2
       7
       8
       5
       8
       4
       2
       8
      11
       8
       5
       8
       5
       6
       5
       4
       6
       5
       4
      10
       8
       5
       8
       7
       4
      10
      11
       5
       9
       3
      12
      15
       9
      15
      19
      15
      35
      29
      27
      45
      56
      35
      55
      64
      56
      50
      41
      49
      32
      32
      40
      25
      24
      17
      12
       9
       7
       5
       5
       8
       7
       9
       7
       9
       7
      10
       7
      13
      11
      16
      13
      11
      14
      11
      12
      18
      15
      16
      10
       8
       4
       2
       6
       6
       3
       2
       0
       4
       1
       6
       2
       3
       4
       4
       3
       5
       1
       2
       2
       0
       2
       2
       1
       6
       3
       0
       3
       4
       3
       1
       2
       0
       1
       5
       3
       4
       4
       2
       2
       1
       2
       3
       3
       4
       4
       4
       3
       2
       3
       2
       5
       3
       2
       3
       2
       3
       0
       1
       3
       1
       3
       2
       1
       1
       3
       1
       3
       1
       1
       2
       0
       3
       2
       1
       1
       4
       2
       0
       1
       2
       1
       1
       1
       3
       2
       0
       2
       3
       2
       2
       1
       1
       1
       2
       2
       3
       0
       3
       0
       1
       3
       0
       0
       1
       0
       0
       0
       0
       0
       0
       1
       1
       1
       0
       2
       2
       1
       0
       0
       2
       1
       0
       1
       0
       1
       0
       0
       1
       1
       0
       1
       1
       2
       0
       2
       1
       1
       1
       0
       0
       0
       1
       0
       0
       0
       2
       0
       0
       0
       3
       2
       1
       3
       3
       1
       3
       1
       0
       0
       0
       0
       0
       2
       2
       0
       1
       0
       0
       1
       0
       0
       0
       1
       0
       0
       2
       0
       0
       0
       0
       1
       2
       1
       0
       2
       1
       1
       0
       0
       2
       1
       0
       0
       2
       1
       0
       3
       2
       0
       0
       0
       0
       0
       0
       0
       1
       1
       0
       0
       0
       0
       2
       1
       1
       2
       1
       0
       0
       0
       1
       1
       2
       0
       0
       0
       0
       0
       0
       0
       1
       0
       0
       0
       1
       0
       0
       0
       0
       1
       1
       1
       2
       2
       0
       0
       0
       0
       0
       0
       1
       0
       0
       2
       0
       0
       0
       1
       0
       0
       0
       1
       1
       1
       0
       0
       1
       0
       1
       1
       0
       1
       0
       0
       0
       1
       1
       0
       1
       1
       0
       1
       0
       2
       0
       1
       0
       0
       1
       0
       1
       0
       1
       0
       1
       1
       1
       1
       1
       0
       0
       0
       1
       0
       0
       1
       0
       1
       0
       1
       1
       1
       0
       1
       0
       0
       0
       0
       0
       1
       0
       0
       0
       2
       0
       0
       0
       0
       0
       0
       2
       1
       1
       1
       0
       0
       1
       1
       0
       0
       0
       0
       1
       0
       0
       0
       0
       1
       1
       0
       0
       0
       1
       1
       0
       0
       0
       0
       0
       1
       1
       0
       0
       0
       0
       0
       0
       0
       2
       0
       0
       1
       1
       1
       1
       1
       0
       1
       1
       0
       0
       0
       0
       1
       1
       0
       0
       0
       1
       1
       1
       2
       1
       0
       1
       1
       0
       0
       0
       1
       1
       0
       0
       1
       0
       0
       0
       0
       0
       0
       1
       0
       0
       3
       0
       0
       2
       2
       0
       3
       1
       1
       1
       1
       0
       1
       2
       1
       0
       0
       1
       2
       1
       1
       1
       0
       1
       1
       2
       2
       0
       0
       1
       2
       0
       1
       0
       0
       1
       2
       0
       0
       0
       0
       1
       0
       1
       1
       2
       1
       1
       0
       0
       1
       1
       1
       1
       1
       0
       0
       1
       0
       0
       3
       2
       1
       0
       5
       0
       1
       4
       4
       2
       1
       1
       1
       2
       2
       0
       4
       5
       1
       3
       1
       1
       2
       3
       3
       0
       2
       2
       1
       0
       0
       1
       0
       0
       3
       2
       1
       0
       0
       1
       0
       1
       1
       1
       0
       2
       1
       0
       1
       1
       0
       1
       0
       1
       1
       1
       0
       0
       1
       1
       0
       0
       1
       2
       0
       1
       0
       0
       0
       0
       0
       1
       0
       3
       0
       1
       0
       0
       1
       2
       1
       1
       0
       0
       1
       1
       0
       3
       1
       1
       0
       2
       0
       1
       0
       0
       0
       1
       0
       0
       1
       0
       0
       1
       1
       1
       0
       1
       0
       1
       0
       2
       0
       1
       1
       2
       1
       2
       2
       0
       1
       1
       1
       2
       1
       0
       0
       1
       1
       0
       0
       0
       1
       2
       2
       1
       0
       2
       1
       1
       0
       0
       4
       0
       1
       1
       0
       0
       1
       2
       1
       0
       0
       0
       1
       1
       0
       1
       0
       1
       0
       0
       0
       1
       2
       2
       0
       0
       1
       0
       1
       0
       0
       2
       1
       1
       1
       1
       2
       1
       2
       0
       0
       0
       0
       2
       1
       1
       0
       1
       0
       3
       2
       0
       0
       0
       1
       1
       0
       1
       1
       1
       1
       0
       1
       2
       1
       0
       1
       1
       0
       1
       2
       0
       1
       0
       0
       0
       0
       2
       2
       1
       1
       1
       2
       0
       1
       0
       2
       0
       2
       1
       1
       0
       2
       0
       1
       0
       1
       0
       0
       0
       2
       2
       1
       1
       0
       0
       0
       0
       0
       0
       0
       0
       0
       2
       0
       1
       1
       0
       1
       0
       1
       2
       1
       0
       2
       2
       0
       2
       1
       1
       4
       1
       1
       2
       1
       3
       1
       0
       1
       2
       1
       1
       2
       0
       1
       1
       0
       1
       0
       0
       2
       0
       0
       0
       1
       0
       1
       2
       0
       1
       0
       1
       0
       0
       1
       2
       1
       1
       0
       0
       2
       0
       1
       1
       0
       0
       1
       1
       1
       0
       0
       1
       0
       0
       1
       0
       1
       0
       1
       2
       1
       1
       0
       1
       1
       0
       1
       0
       0
       1
       0
       0
       1
       2
       0
       0
       0
       0
       0
       0
       0
       4
       1
       0
       1
       1
       0
       1
       1
       0
       0
       0
       0
       1
       3
       0
       1
       0
       1
       2
       0
       1
       2
       0
       1
       0
       0
       0
       1
       0
       1
       0
       1
       1
       1
       3
       0
       0
       4
       1
       1
       0
       0
       0
       0
       0
       0
       1
       3
       0
       2
       1
       0
       0
       1
       1
       1
       1
       0
       0
       1
       2
       0
       0
       1
       0
       2
       0
       2
       1
       1
       3
       1
       2
       0
       2
       1
       3
       1
       1
       1
       1
       3
       1
       3
       1
       1
       0
       1
       3
       1
       0
       0
       2
       1
       1
       1
       1
       2
       1
       0
       1
       1
       2
       1
       0
       0
       0
       1
       1
       2
       2
       0
       0
       0
       2
       3
       3
       0
       2
       1
       2
       1
       1
       1
       1
       2
       1
       0
       1
       4
       1
       1
       2
       2
       1
       0
       1
       0
       1
       0
       2
       2
       2
       0
       0
       1
       2
       1
       1
       4
       3
       2
       1
       2
       2
       4
       0
       1
       2
       0
       3
       0
       0
       0
       2
       1
       4
       2
       2
       2
       1
       0
       2
       1
       1
       2
       0
       3
       2
       4
       1
       1
       1
       2
       2
       1
       1
       0
       0
       1
       1
       0
       2
       1
       2
       3
       2
       1
       0
       1
       1
       1
       1
       1
       4
       0
       3
       2
       5
       0
       4
       0
       2
       0
       2
       2
       2
       1
       4
       3
       0
       4
       1
       4
       2
       0
       1
       1
       2
       1
       0
       0
       2
       4
       1
       2
       3
       1
       0
       2
       5
       8
       1
       2
       1
       1
       2
       0
       3
       4
       2
       2
       4
       2
       3
       3
       4
       2
       2
       2
       3
       0
       3
       2
       5
       1
       0
       3
       1
       1
       4
       1
       4
       2
       2
       3
       0
       1
       6
       3
       4
       1
       2
       4
       2
       3
       3
       2
       2
       1
       1
       3
       4
       2
       0
       4
       0
       2
       3
       3
       2
       1
       1
       2
       2
       3
       3
       6
       2
       3
       6
       1
       3
       4
       2
       5
       0
       3
       4
       1
       2
       3
       3
       0
       4
       3
       1
       1
       3
       5
       4
       3
       2
       4
       3
       3
       5
       1
       2
       2
       5
       3
       2
       3
       2
       4
       3
       1
       0
       1
       3
       2
       4
       2
       4
       4
       2
       9
       5
       4
       0
       4
       3
       5
       4
       5
       3
       7
       4
       8
       6
       6
       7
       7
       6
       3
       6
       5
       4
       2
      11
       4
       8
       5
       4
       3
       5
       6
       1
       5
       4
       5
       6
       5
       8
       7
       4
       7
       4
       4
       8
       5
       7
       8
       4
       5
       6
      10
      12
       6
      10
      12
       5
       5
       1
       9
       8
       5
      13
      10
      12
      11
      11
       9
      11
       8
       9
      15
      12
      10
      10
      13
      12
       6
      13
       9
      11
      17
      12
      11
      10
      13
      14
      14
      10
      13
      14
      18
      10
      12
      11
      12
      11
      18
      16
      11
      15
      22
      19
      19
      14
      17
      15
      15
      13
      10
      15
      17
      16
      20
      14
      20
      13
      26
      19
      22
      17
      23
      15
      19
      27
      21
      20
      19
      16
      13
       9
      18
      15
      14
      12
      26
      17
      19
      18
      15
      15
      13
      10
      15
      13
      16
      15
      13
      18
      12
      15
      14
      20
       9
      11
       6
       8
       6
      12
      10
      11
       6
      12
       9
      11
      15
       9
       6
      12
       9
      10
      11
       7
       6
       4
       5
      10
       4
       8
       7
       9
       3
       9
       5
       8
       4
       1
       8
       9
       2
       8
       9
       7
       4
       2
       3
       4
       7
       4
       8
       3
       3
       3
       5
       4
       2
       3
       4
       6
       4
       2
       2
       4
       3
       2
       4
       5
       1
       4
       4
       6
       4
       2
       2
       5
       6
       4
       6
       1
       3
       5
       2
       3
       3
       1
       7
       4
       2
       2
       2
       3
       1
       2
       6
       4
       2
       3
       5
       3
       3
       3
       2
       2
       2
       4
       3
       2
       0
       3
       2
       1
       2
       3
       1
       1
       3
       0
       0
       2
       2
       3
       1
       2
       2
       2
       4
       2
       1
       4
       3
       1
       2
       1
       2
       4
       3
       2
       1
       3
       2
       1
       0
       3
       3
       1
       0
       0
       1
       1
       0
       3
       1
       2
       0
       2
       2
       2
       4
       0
       2
       4
       1
       2
       2
       3
       2
       5
       1
       1
       1
       0
       4
       1
       1
       0
       1
       2
       2
       1
       3
       1
       1
       0
       3
       2
       2
       1
       3
       0
       0
       0
       1
       2
       2
       1
       3
       4
       2
       3
       1
       3
       4
       2
       1
       1
       0
       2
       1
       1
       1
       0
       0
       1
       1
       0
       2
       3
       2
       0
       3
       1
       1
       5
       5
       1
       4
       3
       1
       1
       1
       2
       1
       2
       0
       1
       0
       4
       1
       0
       2
       0
       1
       1
       0
       1
       2
       0
       1
       1
       0
       1
       3
       1
       2
       1
       0
       1
       0
       1
       1
       0
       0
       0
       0
       0
       2
       0
       0
       1
       0
       3
       2
       1
       2
       0
       1
       1
       1
       2
       1
       1
       0
       2
       1
       4
       3
       1
       3
       6
       3
       1
       0
       1
       2
       6
       4
       7
       5
       6
      14
       6
      19
      15
      14
      16
      32
      13
      23
      24
      27
      22
      17
      21
      20
      18
      14
      14
      11
      13
       6
       6
       5
       5
       2
       1
       3
       2
       1
       1
       1
       0
       1
       0
       0
       0
       0
       0
       0
       0
       0
       0
       1
       0
       0
       0
       0
       0
       0
       0
       0
       0
       0
       1
       0
       0
       0
       0
       0
       0
       0
       0
       1
       1
       0
       0
       1
       0
       0
       0
       0
       0
       0
       0
       0
       0
       0
       0
       0
       0
       0
       0
       0
       0
       0
       0
       0
       0
       0
       0
       0
       0
       0
       0
       0
       0
       0
       0
       0
       0
       0
       0
       0
       0
       0
       0
       0
       0
       0
       0
       0
       0
       0
       0
       0
       0
       0
       0
       0
       0
$ROI:
0
$PRESETS:
Live Time
100
0
$ENER_FIT:
0.022934 0.030717
$MCA_CAL:
3
2.293406E-002 3.071673E-002 0.000000E+000 keV
$SHAPE_CAL:
3
0.000000E+000 0.000000E+000 0.000000E+000
