$SPEC_ID:
No sample description was entered.
$SPEC_REM:
DET# 1
DETDESC# PHY-R11-68 MCB 129
AP# Maestro Version 7.01
$DATE_MEA:
03/15/2019 11:29:30
$MEAS_TIM:
100 100
$DATA:
0 2047
       0
       0
       0
       0
       0
       0
       0
       0
       0
       0
       0
       0
       0
       0
       0
       0
       0
       0
       0
       0
       0
       0
       0
       0
       0
       0
       0
       0
       0
       0
       0
       0
       0
       0
       0
       0
       0
       0
       0
       0
       0
       0
       0
       0
       0
       0
       0
       0
       0
       4
      11
       9
       8
       6
       7
       7
       6
       9
      10
       5
      10
       7
       5
       3
       5
       8
      12
      10
      10
       8
       9
      15
      11
       4
       5
       5
       5
       4
      11
       5
       4
       8
      11
      13
       7
       8
       9
       6
       9
       3
       5
       7
       4
       9
       6
       8
       9
      13
       9
       3
       4
      11
       7
       9
       7
       4
       3
       3
       6
       5
       7
       8
      11
      10
       5
       9
       2
       5
       7
       6
       5
       7
       7
       2
       8
       4
       6
       7
       4
       8
       8
       4
       4
       1
       8
       8
       3
       4
       5
       3
       4
       6
       3
       9
       8
       2
       8
       4
       9
       4
       4
       3
       7
       2
       4
       7
       6
       6
       3
       9
       6
       2
       9
       7
       5
       4
       5
       8
       3
       6
       6
       3
       5
       6
       5
       7
       4
       4
       2
       5
       4
       5
       7
       2
       7
       4
       3
       8
       6
       7
       7
       6
       3
       6
       7
       7
       7
       7
       3
       7
       6
       7
       6
       7
       7
       4
       5
      11
       7
       5
       4
       7
       9
      10
       9
       5
      10
      11
       6
       8
       6
       5
       5
       5
       6
       4
       9
       3
      10
       5
       6
       5
       2
       5
       4
       5
       6
      10
      10
       5
       3
       3
       2
      11
       3
       7
       7
      12
      14
      13
      12
       9
      16
      18
      22
      37
      30
      32
      40
      46
      36
      59
      51
      67
      51
      39
      34
      28
      32
      27
      17
      16
      11
      14
       8
       6
       8
      10
       7
       6
       6
       7
       8
      16
       6
       9
      11
      11
      15
       9
      18
      16
      16
      11
      15
      10
       8
       7
       4
       8
       7
       3
       4
       4
       3
       5
       5
       3
       2
       2
       3
       3
       2
       5
       1
       2
       8
       2
       2
       5
       1
       0
       5
       1
       1
       2
       1
       5
       5
       0
       0
       0
       1
       3
       2
       2
       2
       0
       1
       2
       1
       0
       3
       3
       3
       3
       1
       2
       4
       2
       1
       4
       1
       3
       1
       1
       4
       1
       2
       3
       2
       0
       2
       1
       3
       2
       2
       0
       3
       2
       0
       3
       2
       2
       2
       2
       2
       1
       3
       2
       2
       1
       4
       2
       1
       2
       4
       3
       0
       2
       2
       3
       1
       0
       1
       1
       0
       2
       2
       4
       4
       1
       1
       3
       1
       0
       3
       2
       3
       0
       2
       2
       0
       0
       1
       1
       2
       1
       2
       2
       1
       0
       1
       2
       2
       0
       0
       0
       1
       0
       0
       2
       1
       1
       0
       0
       0
       1
       0
       1
       2
       2
       1
       3
       2
       2
       0
       1
       0
       0
       0
       1
       0
       0
       0
       0
       0
       2
       0
       0
       2
       1
       0
       0
       2
       0
       0
       2
       1
       2
       2
       0
       0
       0
       1
       0
       0
       1
       1
       0
       2
       0
       0
       1
       0
       3
       0
       1
       1
       1
       0
       0
       1
       0
       1
       0
       0
       0
       0
       0
       0
       0
       1
       2
       2
       2
       0
       0
       0
       4
       0
       2
       1
       0
       0
       0
       0
       0
       1
       0
       1
       1
       0
       0
       0
       1
       2
       0
       2
       0
       0
       0
       1
       0
       1
       0
       0
       0
       0
       0
       2
       0
       0
       0
       0
       1
       1
       0
       0
       1
       1
       0
       1
       0
       0
       0
       0
       0
       0
       0
       0
       0
       1
       0
       1
       1
       1
       0
       0
       0
       0
       0
       1
       0
       1
       0
       1
       0
       0
       2
       0
       0
       0
       0
       0
       0
       1
       1
       3
       0
       1
       0
       1
       0
       1
       0
       1
       1
       0
       0
       0
       0
       0
       1
       0
       0
       0
       1
       0
       2
       0
       0
       0
       0
       1
       1
       1
       2
       1
       0
       0
       2
       0
       0
       1
       0
       1
       1
       0
       0
       0
       1
       0
       0
       0
       1
       0
       3
       0
       0
       1
       0
       0
       0
       0
       0
       0
       1
       0
       0
       0
       1
       0
       1
       2
       0
       1
       1
       1
       0
       0
       1
       0
       0
       0
       1
       0
       0
       0
       0
       0
       0
       0
       0
       1
       1
       0
       0
       0
       1
       1
       0
       0
       1
       0
       1
       0
       0
       0
       0
       0
       0
       1
       0
       0
       1
       0
       0
       1
       1
       0
       0
       2
       1
       1
       0
       0
       0
       0
       0
       1
       0
       2
       1
       1
       0
       1
       1
       0
       0
       0
       0
       0
       0
       3
       0
       0
       1
       0
       1
       0
       1
       0
       2
       0
       0
       0
       0
       0
       1
       0
       1
       1
       0
       0
       1
       1
       0
       1
       1
       0
       1
       0
       2
       0
       1
       0
       0
       0
       0
       0
       3
       2
       1
       1
       1
       0
       0
       0
       0
       0
       0
       1
       0
       0
       2
       0
       0
       4
       6
       4
       4
       5
       2
       2
       5
       2
       4
       2
       2
       2
       3
       1
       0
       1
       2
       1
       0
       3
       1
       1
       0
       0
       0
       1
       0
       0
       2
       1
       1
       1
       1
       1
       1
       1
       1
       0
       1
       1
       0
       1
       1
       0
       1
       1
       3
       0
       0
       2
       0
       2
       0
       0
       2
       1
       0
       0
       0
       1
       1
       0
       1
       1
       4
       0
       1
       0
       0
       1
       0
       0
       0
       1
       0
       2
       0
       1
       0
       0
       0
       1
       2
       0
       0
       2
       1
       0
       1
       1
       0
       0
       0
       1
       0
       0
       0
       0
       1
       1
       2
       1
       0
       1
       0
       0
       1
       2
       0
       4
       0
       2
       0
       3
       0
       0
       2
       0
       0
       1
       2
       0
       0
       1
       0
       2
       1
       2
       0
       0
       1
       1
       1
       0
       0
       0
       0
       0
       0
       1
       1
       1
       0
       0
       0
       1
       1
       1
       0
       0
       1
       1
       1
       0
       0
       0
       0
       1
       0
       0
       2
       1
       0
       0
       0
       1
       0
       0
       1
       0
       1
       0
       1
       0
       0
       1
       0
       0
       0
       1
       1
       0
       0
       0
       0
       0
       0
       0
       0
       0
       0
       1
       0
       2
       0
       0
       0
       0
       0
       0
       1
       0
       0
       0
       1
       0
       0
       0
       0
       1
       0
       0
       0
       1
       1
       1
       1
       1
       1
       0
       1
       0
       0
       1
       1
       0
       1
       0
       2
       1
       1
       0
       0
       1
       0
       0
       1
       1
       1
       0
       0
       3
       0
       0
       0
       1
       0
       0
       1
       1
       1
       0
       3
       2
       0
       2
       0
       1
       0
       1
       1
       1
       1
       2
       0
       0
       1
       4
       0
       1
       0
       0
       1
       1
       0
       2
       2
       1
       2
       0
       0
       3
       0
       0
       0
       1
       1
       0
       1
       0
       2
       0
       2
       1
       1
       1
       0
       3
       0
       1
       2
       1
       1
       0
       0
       0
       0
       0
       1
       0
       0
       2
       0
       1
       0
       1
       2
       0
       0
       2
       0
       2
       0
       0
       0
       2
       1
       1
       0
       1
       0
       0
       0
       1
       0
       1
       0
       0
       1
       0
       0
       2
       0
       0
       1
       0
       0
       1
       1
       0
       0
       0
       1
       1
       1
       0
       0
       1
       0
       1
       0
       0
       1
       0
       2
       1
       0
       3
       1
       0
       1
       2
       0
       0
       0
       0
       1
       0
       3
       0
       1
       0
       0
       1
       0
       1
       2
       0
       1
       0
       0
       2
       1
       0
       1
       3
       0
       0
       1
       0
       2
       0
       1
       0
       1
       1
       4
       3
       1
       0
       0
       2
       0
       1
       2
       2
       0
       0
       2
       0
       1
       2
       1
       0
       1
       0
       0
       4
       1
       0
       0
       1
       1
       1
       2
       0
       3
       1
       0
       2
       0
       0
       1
       2
       0
       0
       0
       2
       0
       0
       0
       1
       1
       0
       0
       1
       0
       3
       1
       1
       1
       1
       2
       1
       0
       0
       0
       1
       2
       1
       1
       0
       0
       3
       1
       3
       1
       1
       3
       1
       1
       2
       4
       1
       2
       2
       3
       0
       0
       0
       1
       1
       1
       0
       2
       0
       0
       0
       0
       1
       2
       0
       0
       0
       0
       1
       0
       0
       2
       2
       1
       0
       1
       0
       1
       0
       2
       1
       3
       0
       2
       2
       3
       1
       0
       1
       2
       1
       2
       1
       1
       1
       0
       1
       1
       2
       3
       1
       1
       1
       2
       0
       0
       0
       1
       0
       2
       5
       2
       0
       3
       0
       1
       1
       0
       1
       1
       0
       3
       1
       2
       3
       1
       2
       1
       1
       1
       1
       2
       1
       0
       2
       2
       4
       3
       2
       3
       2
       3
       3
       4
       1
       2
       0
       1
       2
       2
       1
       1
       1
       1
       0
       5
       3
       0
       4
       5
       0
       1
       0
       1
       2
       0
       1
       1
       2
       2
       2
       1
       4
       1
       1
       2
       1
       2
       1
       3
       1
       2
       4
       6
       2
       4
       3
       2
       0
       3
       1
       2
       2
       1
       1
       1
       3
       2
       0
       1
       4
       3
       5
       2
       6
       0
       1
       3
       6
       5
       2
       3
       0
       3
       1
       3
       4
       2
       3
       1
       5
       2
       5
       1
       5
       3
       3
       4
       3
       3
       4
       2
       2
       3
       4
       2
       2
       7
       1
       4
       7
       0
       7
       1
       3
       1
       2
       3
       3
       5
       5
       1
       3
       3
       5
       6
       2
       7
       2
       1
       5
       2
       3
       9
       1
       5
       8
       4
       5
       3
       5
       6
       4
       3
       2
       4
       0
       5
       6
       3
       4
       3
       4
       4
       3
       3
       5
       4
      10
       3
       5
       3
       4
       4
       4
       5
       6
       3
       2
       4
       5
       2
       8
       2
       7
       6
       4
       9
       7
       8
       4
       9
       7
       5
       5
      13
       5
       6
      14
       8
       6
       9
      12
       8
       7
       3
       6
      11
       6
      11
      12
      13
       5
       9
       8
      12
      11
      11
      14
      11
      12
       8
      18
       5
      13
      18
      17
      11
      11
       9
       9
      10
      10
      13
      13
      16
      11
      17
      14
      19
      12
      18
      15
      16
      15
      15
      17
      10
      21
      17
      19
      20
      19
      14
      16
      20
      14
      14
      22
      19
      15
      17
      21
      20
      17
      15
      15
      14
      13
      21
      24
      23
      18
      14
      21
      17
      17
      19
      17
      20
      13
      22
      13
      14
      15
      11
      14
      16
      13
      16
      11
      15
      16
      15
      10
       9
      12
      10
      10
       7
      10
      13
      11
       8
       7
       7
       8
       9
       8
      10
       9
      11
      11
       6
      13
       5
      10
       8
       5
      12
       4
      14
       9
      10
       6
       8
       5
      12
       6
       4
       4
       7
      10
       1
       6
       7
       7
       6
       6
       5
       7
       6
       5
       4
       4
       4
       7
       6
       7
       8
       5
       3
       3
       1
       3
       5
       4
       3
       2
       4
       5
       5
       3
       4
       0
       7
       2
       1
       4
       4
       3
       5
       2
       3
       5
       2
       4
       4
       4
       8
       3
       4
       2
       2
       2
       2
       3
       1
       3
       5
       1
       2
       2
       4
       4
       3
       3
       1
       2
       3
       2
       1
       5
       1
       3
       2
       1
       3
       0
       2
       4
       2
       2
       4
       2
       4
       1
       0
       2
       0
       3
       1
       0
       2
       3
       2
       4
       2
       5
       2
       2
       1
       2
       2
       1
       2
       0
       0
       1
       2
       3
       0
       1
       1
       0
       4
       2
       1
       3
       0
       2
       2
       2
       1
       1
       2
       1
       0
       1
       1
       2
       1
       5
       1
       2
       0
       0
       3
       3
       2
       2
       4
       3
       0
       0
       0
       1
       1
       4
       0
       1
       3
       1
       0
       4
       2
       1
       4
       3
       1
       1
       1
       3
       1
       0
       2
       2
       1
       0
       0
       2
       1
       1
       0
       1
       1
       3
       1
       1
       2
       1
       2
       1
       0
       0
       0
       3
       1
       4
       2
       1
       2
       1
       1
       1
       0
       1
       0
       0
       4
       0
       3
       2
       1
       1
       2
       1
       1
       0
       3
       2
       2
       1
       1
       3
       2
       1
       2
       0
       1
       0
       2
       1
       0
       1
       3
       2
       1
       2
       2
       3
       2
       1
       0
       1
       2
       0
       2
       1
       0
       1
       0
       2
       2
       2
       1
       1
       0
       3
       0
       2
       1
       4
       3
       0
       2
       0
       7
       6
       7
       8
      11
      12
      13
      15
       8
      18
      19
      22
      21
      25
      24
      22
      27
      17
      14
      20
      17
      21
      20
      15
      11
      14
       4
       9
       4
       2
       3
       6
       2
       0
       2
       1
       0
       1
       0
       0
       0
       1
       0
       0
       0
       0
       0
       0
       0
       0
       0
       0
       0
       0
       0
       0
       0
       0
       0
       0
       0
       0
       0
       0
       0
       0
       0
       0
       0
       0
       0
       0
       0
       0
       0
       1
       0
       0
       0
       0
       0
       1
       0
       0
       0
       0
       0
       0
       0
       0
       0
       0
       0
       0
       0
       0
       0
       0
       0
       0
       0
       0
       0
       0
       0
       0
       0
       0
       0
       0
       0
       0
       0
       0
       0
       0
       0
       0
       0
       0
       0
       0
       0
       0
       0
$ROI:
0
$PRESETS:
Live Time
100
0
$ENER_FIT:
0.022934 0.030717
$MCA_CAL:
3
2.293406E-002 3.071673E-002 0.000000E+000 keV
$SHAPE_CAL:
3
0.000000E+000 0.000000E+000 0.000000E+000
