$SPEC_ID:
No sample description was entered.
$SPEC_REM:
DET# 1
DETDESC# PHY-R11-68 MCB 129
AP# Maestro Version 7.01
$DATE_MEA:
03/15/2019 10:46:22
$MEAS_TIM:
100 100
$DATA:
0 2047
       0
       0
       0
       0
       0
       0
       0
       0
       0
       0
       0
       0
       0
       0
       0
       0
       0
       0
       0
       0
       0
       0
       0
       0
       0
       0
       0
       0
       0
       0
       0
       0
       0
       0
       0
       0
       0
       0
       0
       0
       0
       0
       0
       0
       0
       0
       0
       0
       0
       4
       8
      15
      12
       8
       9
      13
      13
      10
       9
      11
      12
       7
      10
      13
      14
       7
       7
       7
      14
       5
       7
       8
      10
      11
       8
       8
      13
      10
       9
       6
       7
       7
       7
      10
      13
       7
      11
       8
      10
       8
       4
       7
      12
       6
       3
      12
       3
       9
      13
       5
       7
       8
       7
       6
      12
       5
       4
      10
       7
       7
       5
       7
       5
       7
       5
       5
      11
       3
      10
       8
       6
       9
       5
       6
      14
       5
       5
       7
       8
       9
       7
       7
       8
      10
       5
       6
       4
       3
       5
      10
       5
       7
       2
       9
       5
       5
       3
       7
      11
       5
       7
       6
       4
       5
       5
       6
       6
       6
       5
      13
       5
       6
      10
      12
       7
       3
       9
       3
       9
       4
       7
       9
       9
       4
       3
       6
       9
       9
       8
       4
       5
      12
       7
       7
       7
       4
       6
       7
       3
       8
       7
       7
       6
       5
       3
       8
       7
       6
       7
       4
       4
       8
      14
       6
       5
       4
       6
       5
      10
       7
       5
       7
       5
       6
       8
       8
       6
       3
       6
       6
       5
       6
      12
       7
       6
       6
       8
       3
       6
       2
       7
      10
       3
      10
       3
       2
       3
       7
       8
       7
       7
       7
       4
       5
       2
       2
       6
       3
       6
       3
      10
       7
       5
       5
       9
      16
      10
      26
      12
      25
      25
      20
      22
      21
      17
      25
      22
      18
       9
       8
       5
      10
       5
       2
       1
       4
       6
       4
       4
       6
       6
       2
       4
       2
       2
       1
       1
       1
       4
       2
       3
       1
       5
       5
       0
       5
       2
       3
       3
       2
       3
       4
       4
       3
       4
       2
       2
       2
       6
       3
       3
       3
       3
       2
       4
       6
       2
       2
       5
       3
       6
       2
       2
       5
       2
       4
       4
       0
       5
       1
       3
       4
       0
       5
       4
       1
       4
       3
       4
       0
       3
       2
       1
       4
       6
       1
       3
       2
       3
       0
       3
       3
       1
       0
       4
       0
       1
       1
       3
       2
       0
       1
       2
       0
       0
       4
       2
       3
       0
       2
       1
       0
       1
       1
       1
       0
       3
       3
       1
       1
       1
       0
       2
       1
       0
       2
       1
       1
       2
       0
       2
       1
       2
       1
       1
       0
       0
       0
       1
       1
       4
       0
       7
       0
       1
       0
       1
       3
       0
       0
       1
       1
       2
       0
       0
       0
       0
       0
       2
       0
       0
       2
       0
       2
       2
       2
       0
       0
       1
       1
       1
       1
       0
       0
       0
       2
       0
       0
       1
       1
       1
       1
       2
       2
       0
       2
       1
       1
       0
       1
       0
       0
       1
       0
       0
       0
       0
       0
       0
       0
       1
       0
       0
       1
       0
       1
       0
       0
       2
       1
       3
       1
       1
       2
       1
       1
       0
       1
       0
       0
       1
       0
       0
       0
       1
       0
       0
       1
       0
       0
       0
       1
       1
       1
       0
       0
       0
       1
       1
       0
       0
       0
       1
       0
       0
       3
       1
       0
       0
       1
       0
       2
       0
       0
       1
       1
       1
       0
       0
       0
       1
       1
       0
       0
       0
       0
       1
       1
       0
       0
       0
       2
       0
       1
       0
       0
       0
       0
       0
       1
       1
       0
       1
       0
       1
       1
       0
       0
       1
       1
       0
       1
       1
       0
       0
       0
       1
       0
       0
       1
       1
       1
       1
       1
       0
       2
       0
       0
       0
       1
       0
       1
       0
       0
       1
       0
       1
       1
       0
       1
       1
       0
       0
       1
       1
       0
       0
       0
       1
       1
       0
       0
       1
       0
       1
       1
       1
       0
       0
       0
       0
       0
       1
       0
       1
       1
       0
       0
       0
       1
       0
       1
       1
       0
       0
       1
       1
       0
       0
       0
       0
       0
       1
       0
       0
       0
       0
       1
       0
       0
       0
       1
       1
       0
       2
       0
       0
       0
       0
       0
       0
       1
       0
       1
       2
       1
       0
       0
       0
       0
       1
       0
       0
       2
       1
       1
       2
       2
       0
       0
       0
       1
       0
       0
       0
       0
       0
       1
       0
       0
       0
       0
       0
       0
       0
       0
       0
       1
       0
       0
       1
       0
       1
       0
       0
       0
       1
       0
       0
       1
       0
       0
       0
       0
       2
       0
       0
       0
       0
       0
       0
       0
       1
       0
       0
       0
       0
       0
       2
       0
       0
       1
       0
       1
       0
       1
       0
       0
       0
       0
       0
       1
       0
       0
       0
       1
       0
       1
       1
       0
       0
       0
       0
       2
       0
       1
       0
       0
       1
       0
       1
       0
       0
       1
       0
       0
       0
       0
       0
       0
       0
       0
       0
       1
       0
       1
       2
       0
       0
       0
       0
       0
       0
       1
       0
       1
       3
       0
       0
       2
       0
       0
       1
       1
       2
       3
       3
       1
       0
       1
       1
       4
       4
       2
       3
       2
       2
       2
       3
       0
       5
       1
       1
       2
       1
       1
       0
       1
       1
       1
       1
       0
       1
       0
       1
       0
       0
       0
       0
       2
       0
       1
       2
       0
       5
       1
       1
       1
       1
       0
       0
       1
       2
       1
       1
       0
       0
       0
       2
       0
       0
       1
       1
       0
       1
       2
       0
       3
       0
       1
       0
       1
       1
       1
       1
       1
       1
       1
       0
       2
       2
       0
       0
       1
       0
       1
       2
       0
       1
       1
       0
       1
       0
       1
       0
       0
       1
       2
       1
       0
       1
       2
       0
       1
       1
       0
       1
       0
       1
       0
       0
       1
       1
       0
       2
       1
       1
       1
       1
       0
       1
       0
       1
       1
       1
       0
       1
       1
       0
       0
       1
       0
       0
       0
       0
       1
       1
       0
       1
       0
       1
       1
       0
       0
       0
       0
       0
       2
       1
       1
       0
       0
       0
       0
       1
       0
       0
       1
       0
       3
       2
       0
       2
       1
       0
       1
       0
       1
       2
       0
       1
       1
       0
       0
       2
       0
       2
       0
       0
       1
       0
       0
       1
       0
       0
       0
       1
       0
       1
       1
       0
       0
       0
       1
       0
       0
       0
       2
       0
       0
       1
       0
       0
       1
       0
       0
       0
       0
       0
       0
       0
       1
       0
       1
       0
       1
       2
       0
       0
       1
       0
       1
       0
       0
       0
       0
       0
       0
       1
       2
       1
       0
       0
       1
       0
       0
       0
       1
       1
       0
       0
       0
       0
       0
       1
       0
       1
       1
       1
       1
       1
       1
       1
       1
       0
       0
       0
       0
       0
       0
       1
       1
       0
       0
       1
       0
       0
       0
       1
       1
       1
       0
       1
       2
       0
       1
       0
       0
       2
       1
       2
       0
       1
       0
       0
       0
       1
       0
       0
       0
       0
       2
       0
       0
       1
       1
       1
       0
       0
       0
       1
       1
       0
       0
       0
       1
       0
       0
       0
       2
       0
       1
       0
       1
       1
       0
       1
       0
       0
       1
       0
       1
       1
       0
       0
       1
       0
       0
       0
       0
       1
       0
       0
       0
       0
       1
       1
       0
       1
       0
       0
       0
       0
       0
       0
       0
       0
       0
       2
       0
       0
       2
       0
       1
       0
       0
       0
       0
       0
       0
       0
       1
       0
       0
       0
       0
       0
       2
       0
       0
       0
       2
       1
       0
       2
       1
       1
       0
       0
       0
       0
       0
       2
       0
       0
       0
       0
       0
       0
       1
       2
       0
       2
       0
       2
       0
       0
       0
       1
       0
       0
       0
       0
       1
       0
       2
       0
       0
       0
       2
       0
       0
       1
       1
       0
       0
       0
       0
       0
       0
       1
       2
       1
       1
       1
       0
       1
       2
       2
       0
       2
       0
       0
       0
       1
       0
       0
       1
       0
       2
       0
       1
       1
       1
       3
       0
       1
       1
       1
       1
       0
       1
       0
       2
       1
       2
       1
       0
       0
       1
       1
       0
       2
       0
       1
       0
       1
       0
       0
       0
       0
       0
       1
       0
       0
       1
       0
       3
       2
       0
       0
       0
       1
       2
       0
       0
       0
       0
       1
       1
       1
       0
       1
       1
       2
       0
       1
       1
       1
       3
       0
       3
       0
       0
       1
       0
       1
       0
       1
       0
       1
       0
       1
       0
       0
       0
       1
       0
       2
       2
       3
       1
       1
       1
       2
       0
       2
       2
       2
       1
       0
       0
       1
       1
       2
       2
       0
       3
       1
       3
       4
       0
       2
       0
       4
       1
       1
       2
       0
       1
       1
       3
       0
       1
       1
       3
       1
       0
       1
       0
       0
       2
       1
       1
       2
       0
       0
       1
       2
       3
       0
       3
       0
       3
       3
       0
       2
       2
       1
       3
       4
       3
       0
       1
       2
       1
       2
       1
       1
       2
       2
       1
       2
       1
       4
       1
       0
       5
       2
       1
       1
       1
       2
       4
       4
       3
       1
       1
       1
       2
       1
       4
       2
       1
       5
       1
       2
       3
       0
       1
       4
       4
       2
       2
       1
       2
       2
       1
       0
       2
       3
       2
       3
       1
       1
       2
       2
       1
       3
       6
       2
       3
       2
       3
       2
       2
       1
       3
       3
       3
       4
       3
       0
       2
       5
       3
       4
       1
       2
       6
       2
       1
       5
       1
       0
       2
       3
       2
       0
       0
       0
       2
       1
       2
       2
       0
       2
       6
       3
       0
       4
       4
       2
       3
       3
       1
       4
       2
       2
       4
       2
       2
       1
       2
       1
       4
       4
       4
       1
       6
       3
       4
       3
       2
       3
       4
       3
       5
       7
       4
       5
       5
       5
       6
       3
       2
       3
       4
       4
       6
       6
       5
       5
       4
       9
       1
       5
       3
       6
       2
       5
       6
       8
       2
       4
       4
       4
       6
       3
       3
      10
       5
       5
       7
       5
       5
       6
       6
       4
       8
       3
       3
       6
       4
       5
       8
       9
       7
       6
      13
       6
       5
       7
      10
       8
       3
       5
      10
       5
       7
       8
      16
       9
       7
       6
      13
      10
       5
       9
       8
      12
       7
      10
       7
      11
       8
      10
      11
      13
      15
       6
      12
      10
      13
      16
      11
      18
      15
      12
      22
      22
      13
      11
      23
      16
      17
      19
      20
      15
      16
      20
      20
      10
      36
      25
      23
      13
      21
      22
      30
      12
      17
      17
      22
      31
      20
      24
      26
      20
      23
      29
      16
      18
      16
      22
      21
      18
      21
      13
      13
      13
      20
      21
      20
      17
      18
      17
      22
      16
      17
      19
      18
      22
      18
      18
      22
      23
      17
      17
      18
      14
       7
      23
      13
      16
      12
      10
      12
      17
      15
      16
      17
       9
      11
      16
      17
       9
      14
      13
      13
      10
       7
      10
      13
       7
      11
       4
       5
       5
       7
       3
       5
       6
       9
       6
       8
       6
       6
       7
       3
       7
       5
       5
       4
      10
      10
       5
       6
       4
       4
       4
       5
       6
       3
       7
       3
       8
       3
       5
       3
       9
       3
       4
       6
       3
       2
       2
       5
       6
       3
       6
       3
       2
       5
       4
       3
       5
       7
       4
       0
       2
       5
       4
       5
       3
       3
       5
       4
       1
       2
       4
       2
       3
       5
       1
       1
       3
       8
       5
       4
       2
       0
       4
       8
       1
       4
       4
       2
       0
       1
       2
       3
       3
       3
       4
       0
       2
       1
       1
       2
       3
       0
       0
       1
       2
       1
       1
       0
       0
       2
       2
       7
       3
       1
       1
       2
       0
       1
       2
       3
       2
       2
       1
       3
       2
       2
       0
       3
       1
       1
       0
       0
       0
       1
       1
       0
       1
       3
       0
       1
       0
       2
       2
       0
       0
       2
       1
       1
       0
       2
       1
       2
       0
       0
       1
       1
       2
       3
       4
       0
       0
       2
       2
       1
       2
       2
       1
       4
       1
       3
       3
       2
       5
       2
       2
       2
       1
       2
       1
       4
       3
       2
       2
       1
       2
       1
       2
       2
       3
       1
       1
       5
       4
       2
       0
       2
       1
       3
       1
       4
       1
       2
       1
       3
       1
       2
       2
       3
       3
       1
       0
       1
       6
       0
       1
       1
       0
       4
       0
       2
       0
       1
       0
       1
       0
       3
       0
       1
       0
       4
       3
       2
       2
       1
       2
       5
       2
       3
       1
       1
       1
       1
       1
       2
       1
       2
       1
       1
       2
       2
       1
       3
       0
       0
       0
       1
       0
       0
       2
       1
       2
       0
       1
       3
       0
       0
       3
       1
       2
       3
       1
       1
       0
       4
       4
       6
       7
       7
      16
      12
      10
      21
      14
      15
      10
      16
      32
      27
      18
      16
      16
      17
      25
      20
      27
      10
       7
      13
      12
       8
       4
       1
       8
       4
      10
       2
       1
       5
       0
       1
       2
       1
       0
       1
       1
       0
       1
       1
       0
       1
       0
       0
       0
       0
       0
       0
       0
       0
       0
       0
       0
       0
       0
       0
       0
       0
       0
       0
       0
       0
       1
       0
       0
       0
       0
       0
       0
       0
       0
       0
       0
       0
       0
       0
       0
       1
       0
       0
       0
       0
       0
       0
       0
       0
       0
       0
       0
       0
       0
       0
       0
       0
       0
       0
       0
       0
       0
       0
       0
       0
       0
       0
       0
       0
       0
       0
       0
       0
       0
       0
       0
       0
       0
       0
       0
       0
       0
       0
$ROI:
0
$PRESETS:
Live Time
100
0
$ENER_FIT:
0.000000 0.000000
$MCA_CAL:
3
0.000000E+000 0.000000E+000 0.000000E+000 
$SHAPE_CAL:
3
0.000000E+000 0.000000E+000 0.000000E+000
