$SPEC_ID:
Na-22
$SPEC_REM:
DET# 2
DETDESC# PHY-R11-80 MCB 129
AP# Maestro Version 7.01
$DATE_MEA:
11/23/2018 10:20:42
$MEAS_TIM:
100 100
$DATA:
0 2047
       0
       0
       0
       0
       0
       0
       0
       0
       0
       0
       0
       0
       5
    2724
    4345
    4338
    2718
    1194
     724
     758
     772
    1008
     990
    1091
     985
     803
     748
     625
     615
     597
     668
     638
     609
     649
     650
     709
     797
     891
     917
     883
     795
     591
     568
     520
     491
     467
     502
     512
     537
     500
     498
     478
     499
     485
     455
     470
     436
     447
     446
     467
     473
     469
     482
     441
     484
     465
     441
     426
     470
     453
     402
     417
     437
     417
     422
     461
     421
     475
     437
     405
     415
     416
     399
     424
     432
     420
     353
     379
     352
     374
     322
     326
     362
     288
     347
     307
     334
     317
     350
     292
     309
     329
     304
     325
     307
     306
     326
     302
     311
     285
     273
     294
     296
     286
     309
     322
     331
     380
     437
     407
     423
     417
     439
     439
     433
     393
     379
     341
     309
     273
     264
     241
     223
     211
     212
     188
     184
     168
     166
     167
     168
     185
     162
     177
     174
     172
     162
     161
     157
     157
     178
     160
     152
     158
     153
     157
     126
     140
     143
     131
     169
     131
     121
     121
     137
     108
     108
     116
     109
     104
     109
     107
      93
     116
     112
      90
      95
     114
     104
     112
     109
     113
      96
     105
      99
     103
      94
      84
      85
      97
      72
      75
      90
      81
      80
      58
      71
      85
      74
      71
      77
      74
      75
      61
      57
      56
      56
      59
      51
      67
      54
      79
      69
      77
      65
      74
      81
      90
     100
     100
     128
     174
     165
     205
     207
     235
     284
     323
     348
     362
     408
     439
     473
     432
     463
     426
     423
     375
     344
     276
     319
     233
     224
     199
     164
     115
     103
      84
      77
      64
      44
      59
      51
      31
      60
      28
      36
      41
      41
      56
      41
      55
      45
      47
      35
      48
      45
      59
      48
      52
      51
      49
      63
      47
      64
      60
      49
      40
      57
      43
      55
      63
      37
      54
      50
      51
      43
      51
      44
      42
      39
      40
      47
      40
      49
      42
      39
      37
      47
      50
      49
      46
      42
      57
      37
      37
      41
      38
      40
      40
      42
      40
      52
      46
      48
      47
      39
      39
      36
      30
      44
      42
      41
      35
      43
      39
      43
      43
      53
      57
      41
      37
      40
      43
      45
      46
      42
      45
      51
      53
      52
      39
      40
      37
      39
      34
      42
      28
      27
      42
      30
      31
      35
      42
      22
      27
      27
      32
      32
      27
      27
      29
      23
      29
      19
      27
      33
      20
      40
      33
      23
      33
      26
      41
      31
      32
      34
      21
      37
      25
      43
      43
      41
      27
      41
      43
      44
      36
      41
      33
      46
      45
      34
      40
      29
      40
      41
      33
      32
      49
      48
      49
      42
      52
      58
      73
      64
      77
      84
      78
      96
      73
      91
      85
      78
      75
      79
      86
      57
      66
      49
      58
      45
      51
      38
      42
      21
      27
      20
      24
      17
      21
      17
       7
       9
       8
      10
      11
      10
      11
       9
       7
      13
      13
      11
       5
       9
      17
      13
      24
      21
      14
      18
      27
      28
      36
      30
      36
      38
      44
      50
      64
      58
      51
      60
      49
      49
      68
      53
      91
      57
      68
      73
      55
      42
      62
      49
      44
      53
      31
      39
      30
      23
      31
      25
      26
      26
      21
      15
      15
      21
       9
      22
      12
      11
       8
      12
      11
      15
      16
      12
      11
      12
      11
      13
       7
      14
      10
       7
       7
       8
       2
      10
       5
       6
       4
       5
       6
       5
       4
       1
       2
       2
       7
       1
       2
       0
       0
       3
       3
       4
       3
       2
       1
       1
       1
       2
       2
       1
       1
       0
       0
       0
       1
       0
       0
       3
       0
       0
       3
       0
       0
       0
       0
       1
       2
       0
       2
       1
       0
       3
       1
       1
       0
       2
       2
       1
       0
       0
       0
       1
       3
       1
       0
       1
       0
       1
       0
       0
       0
       1
       1
       1
       0
       0
       1
       2
       0
       2
       1
       1
       3
       0
       0
       0
       1
       2
       1
       0
       2
       0
       0
       0
       0
       0
       0
       1
       2
       2
       3
       0
       1
       2
       1
       0
       0
       0
       0
       1
       1
       1
       2
       2
       1
       1
       1
       0
       1
       3
       0
       1
       0
       1
       1
       2
       1
       0
       1
       0
       0
       0
       0
       0
       0
       1
       2
       0
       1
       0
       3
       2
       0
       0
       0
       1
       0
       1
       0
       2
       1
       0
       0
       0
       3
       1
       0
       0
       1
       1
       2
       1
       0
       0
       0
       0
       0
       0
       0
       1
       2
       2
       0
       0
       1
       1
       0
       0
       1
       0
       2
       0
       0
       0
       0
       0
       0
       0
       0
       0
       0
       0
       0
       1
       0
       0
       0
       0
       1
       0
       1
       0
       1
       1
       0
       1
       0
       0
       0
       0
       3
       1
       0
       1
       1
       0
       1
       0
       0
       0
       1
       0
       0
       0
       0
       0
       0
       1
       0
       2
       0
       1
       1
       0
       1
       0
       0
       1
       0
       0
       1
       2
       1
       0
       1
       1
       0
       0
       0
       0
       0
       1
       0
       1
       0
       1
       1
       0
       2
       0
       0
       1
       1
       0
       0
       0
       0
       0
       0
       0
       1
       1
       1
       0
       1
       0
       0
       0
       0
       0
       0
       0
       0
       1
       0
       0
       0
       0
       0
       0
       1
       1
       0
       1
       2
       1
       0
       0
       0
       0
       0
       0
       1
       0
       0
       0
       0
       1
       0
       0
       0
       0
       2
       0
       0
       1
       0
       0
       0
       0
       0
       0
       0
       1
       0
       0
       0
       0
       0
       0
       0
       0
       0
       1
       0
       0
       0
       0
       0
       0
       0
       0
       0
       0
       0
       0
       0
       0
       0
       0
       0
       0
       0
       0
       0
       0
       0
       0
       0
       0
       0
       0
       0
       0
       0
       0
       0
       2
       0
       0
       0
       0
       1
       1
       0
       0
       0
       0
       0
       4
       2
       2
       0
       0
       0
       0
       0
       1
       0
       0
       0
       1
       0
       0
       2
       1
       0
       1
       0
       1
       2
       1
       0
       1
       0
       1
       0
       0
       0
       0
       1
       0
       0
       2
       0
       0
       0
       1
       0
       0
       1
       0
       0
       0
       0
       0
       0
       0
       0
       0
       0
       0
       0
       0
       0
       0
       0
       0
       0
       0
       0
       1
       0
       0
       0
       0
       0
       0
       0
       0
       0
       0
       0
       0
       0
       0
       0
       0
       0
       0
       0
       0
       0
       0
       0
       0
       0
       1
       0
       0
       0
       0
       0
       0
       0
       0
       0
       0
       0
       0
       0
       0
       0
       0
       0
       0
       0
       0
       0
       0
       0
       0
       0
       0
       0
       0
       0
       0
       0
       0
       0
       0
       0
       0
       0
       0
       0
       0
       0
       0
       0
       0
       0
       0
       0
       0
       0
       0
       0
       0
       0
       0
       0
       0
       0
       0
       0
       0
       0
       0
       0
       0
       0
       0
       0
       0
       0
       0
       0
       0
       0
       0
       0
       0
       0
       0
       0
       0
       0
       0
       0
       0
       0
       0
       1
       0
       0
       0
       0
       0
       0
       0
       0
       0
       0
       0
       0
       0
       0
       0
       0
       0
       0
       0
       0
       0
       0
       0
       0
       0
       0
       0
       0
       0
       0
       0
       0
       0
       0
       0
       0
       0
       0
       0
       0
       0
       0
       0
       0
       0
       0
       0
       0
       0
       0
       0
       0
       0
       0
       0
       0
       0
       0
       0
       0
       0
       0
       0
       0
       0
       0
       0
       0
       0
       0
       0
       0
       1
       0
       0
       0
       0
       0
       0
       0
       0
       0
       0
       0
       0
       0
       0
       0
       0
       0
       0
       0
       0
       0
       0
       0
       0
       0
       0
       0
       0
       0
       0
       0
       0
       0
       0
       0
       0
       0
       0
       0
       0
       0
       0
       1
       0
       0
       0
       0
       0
       0
       0
       0
       0
       0
       0
       0
       0
       0
       0
       0
       0
       0
       0
       0
       0
       0
       0
       0
       0
       0
       0
       0
       0
       0
       0
       0
       0
       0
       0
       0
       0
       0
       0
       0
       0
       0
       0
       0
       0
       0
       0
       0
       0
       0
       0
       0
       0
       0
       0
       0
       0
       0
       0
       0
       0
       0
       0
       0
       0
       0
       0
       0
       0
       0
       0
       0
       0
       0
       0
       0
       0
       0
       0
       0
       0
       0
       0
       0
       0
       0
       0
       0
       0
       0
       0
       0
       0
       0
       0
       0
       0
       0
       0
       0
       0
       0
       0
       0
       0
       0
       0
       0
       0
       0
       0
       0
       0
       0
       0
       0
       0
       0
       0
       1
       0
       0
       0
       0
       0
       0
       0
       0
       0
       0
       0
       0
       0
       0
       0
       0
       0
       0
       0
       0
       0
       0
       0
       0
       0
       0
       0
       0
       0
       0
       0
       0
       0
       0
       0
       0
       0
       0
       0
       0
       0
       0
       0
       0
       0
       0
       0
       0
       0
       0
       0
       0
       0
       0
       0
       0
       0
       0
       0
       0
       0
       0
       0
       0
       0
       0
       0
       0
       0
       0
       0
       0
       0
       0
       0
       0
       0
       0
       0
       0
       0
       0
       0
       0
       0
       0
       0
       0
       0
       0
       0
       1
       0
       0
       0
       0
       0
       0
       0
       0
       1
       0
       0
       0
       0
       0
       0
       0
       0
       0
       0
       0
       0
       0
       0
       0
       0
       0
       0
       0
       0
       0
       0
       0
       0
       0
       0
       0
       0
       0
       1
       0
       0
       0
       0
       0
       0
       0
       0
       0
       0
       0
       0
       0
       0
       0
       0
       0
       0
       0
       0
       0
       0
       0
       0
       0
       0
       0
       0
       0
       0
       0
       0
       0
       0
       0
       0
       0
       0
       0
       0
       0
       0
       1
       0
       0
       0
       0
       0
       0
       0
       0
       0
       0
       0
       0
       0
       0
       0
       0
       0
       0
       0
       0
       0
       0
       0
       0
       0
       0
       0
       0
       0
       0
       0
       0
       0
       0
       0
       0
       0
       0
       0
       0
       0
       0
       0
       0
       0
       0
       0
       0
       0
       0
       0
       0
       0
       0
       0
       0
       0
       0
       0
       0
       0
       0
       0
       0
       0
       0
       0
       0
       0
       0
       0
       0
       0
       0
       0
       0
       0
       0
       0
       0
       0
       0
       0
       0
       0
       0
       0
       0
       0
       0
       0
       0
       0
       0
       0
       0
       0
       0
       0
       0
       0
       0
       0
       0
       0
       0
       0
       0
       0
       0
       0
       0
       1
       0
       0
       0
       0
       0
       0
       0
       0
       0
       0
       0
       0
       0
       0
       0
       0
       0
       0
       0
       0
       0
       0
       0
       0
       0
       0
       0
       0
       0
       0
       0
       0
       0
       0
       0
       0
       0
       0
       0
       0
       0
       0
       0
       0
       0
       0
       0
       0
       0
       0
       0
       0
       0
       0
       0
       0
       0
       0
       0
       0
       0
       0
       1
       0
       0
       0
       0
       0
       0
       0
       0
       0
       0
       0
       0
       0
       0
       0
       0
       0
       0
       0
       0
       0
       0
       1
       0
       0
       0
       0
       0
       0
       0
       0
       0
       0
       0
       0
       0
       0
       0
       0
       0
       0
       0
       0
       0
       0
       0
       0
       0
       0
       0
       0
       0
       0
       0
       0
       0
       0
       0
       0
       0
       0
       0
       0
       0
       0
       0
       0
       0
       0
       0
       0
       0
       0
       0
       0
       0
       0
       0
       0
       0
       0
       0
       0
       0
       0
       0
       0
       0
       0
       0
       0
       0
       0
       0
       0
       0
       0
       0
       0
       0
       0
       0
       0
       0
       0
       0
       0
       0
       0
       0
       0
       0
       0
       0
       0
       0
       0
       0
       0
       0
       0
       0
       0
       0
       0
       0
       0
       0
       0
       0
       0
       0
       0
       0
       0
       0
       0
       0
       0
       0
       0
       0
       0
       0
       0
       0
       0
       0
       0
       0
       0
       0
       0
       0
       0
       0
       1
       0
       0
       0
       0
       0
       0
       0
       0
       0
       0
       0
       0
       0
       0
       0
       0
       0
       0
       0
       0
       0
       0
       0
       0
       0
       0
       0
       0
       0
       0
       0
       0
       0
       0
       0
       0
       0
       0
       0
       0
       0
       1
       0
       0
       0
       0
       0
       0
       0
       0
       0
       0
       0
       0
       0
       0
       0
       0
       0
       0
       0
       0
       0
       0
       0
       0
       0
       0
       0
       0
       0
       0
       0
       0
       0
       0
       0
       0
       0
       0
       0
       0
       0
       0
       0
       0
       0
       0
       0
       0
       0
       0
       0
       0
       0
       0
       0
       0
       0
       0
       0
       0
       0
       0
       0
       0
       0
       0
       0
       0
       0
       0
       0
       0
       0
       0
       0
       0
       0
       0
       0
       0
       0
       0
       0
       0
       0
       0
       0
       0
       0
       0
       0
       0
       0
       0
       0
       0
       0
       0
       0
       0
       0
       0
       0
       0
       0
       0
       0
       0
       0
       0
       0
       0
       0
       0
       0
       0
       0
       0
       0
       0
       0
       0
       0
       0
       0
       0
       0
       0
       0
       0
       0
       0
       0
       0
       0
       0
       0
       0
       0
       0
       0
       0
       0
       0
       0
       0
       0
       0
       0
       0
       0
       0
       0
       0
       0
       0
       0
       0
       0
       0
       0
       0
       0
       0
       0
       0
       0
       0
       0
       0
       0
       0
       0
       0
       0
       0
       0
       0
       0
       0
       0
       0
       0
       0
       0
       0
       0
       0
       0
       0
       0
       0
       0
       0
       0
       0
       0
       0
       0
$ROI:
0
$PRESETS:
Live Time
100
0
$ENER_FIT:
0.000000 0.826957
$MCA_CAL:
3
0.000000E+000 8.269570E-001 0.000000E+000 keV
$SHAPE_CAL:
3
0.000000E+000 0.000000E+000 0.000000E+000
