$SPEC_ID:
Na-22
$SPEC_REM:
DET# 2
DETDESC# PHY-R11-80 MCB 129
AP# Maestro Version 7.01
$DATE_MEA:
11/16/2018 15:15:47
$MEAS_TIM:
600 610
$DATA:
0 2047
       0
       0
       0
      28
    1147
     946
     926
     974
     912
     995
     947
     943
     981
     923
     986
    1031
     987
    1011
    1121
    1084
    1181
    1321
    1511
    2058
    2852
    4657
    8005
   13921
   23996
   39685
   59071
   79133
   93601
   96462
   87948
   71356
   53680
   38994
   28374
   21258
   15588
   10993
    7262
    4603
    2962
    2025
    1578
    1363
    1474
    1449
    1517
    1693
    1800
    2041
    2375
    2518
    2946
    3151
    3652
    3786
    3946
    4199
    4153
    4148
    3847
    3486
    3212
    2868
    2642
    2627
    2661
    2742
    3112
    3227
    3630
    3827
    3906
    4123
    3946
    3859
    3770
    3596
    3638
    3660
    3703
    3888
    4093
    4565
    5296
    6320
    7477
    8852
   10719
   13163
   15857
   18618
   21384
   23757
   25562
   26174
   26048
   24451
   21950
   18714
   15324
   11815
    8881
    6459
    4654
    3256
    2492
    1875
    1514
    1338
    1227
    1180
    1137
    1129
    1147
    1079
    1114
    1159
    1195
    1173
    1227
    1167
    1258
    1270
    1250
    1317
    1353
    1430
    1503
    1473
    1597
    1736
    1791
    1987
    2028
    2122
    2170
    2194
    2287
    2222
    2180
    2021
    1882
    1835
    1693
    1641
    1488
    1454
    1376
    1271
    1289
    1292
    1315
    1203
    1187
    1150
    1216
    1262
    1258
    1245
    1365
    1292
    1332
    1267
    1352
    1409
    1352
    1417
    1424
    1467
    1453
    1510
    1573
    1523
    1593
    1505
    1616
    1599
    1646
    1699
    1739
    1680
    1767
    1710
    1699
    1830
    1813
    1785
    1890
    1873
    1839
    1790
    1789
    1844
    1829
    1755
    1651
    1668
    1663
    1616
    1507
    1495
    1503
    1491
    1434
    1406
    1415
    1384
    1327
    1307
    1349
    1324
    1325
    1252
    1237
    1270
    1330
    1268
    1282
    1172
    1267
    1263
    1160
    1229
    1174
    1167
    1169
    1159
    1173
    1138
    1126
    1093
    1132
    1057
    1045
    1014
    1036
     973
     979
     903
     994
     839
     891
     865
     886
     776
     794
     909
     814
     823
     786
     828
     797
     776
     825
     782
     744
     684
     749
     767
     751
     724
     729
     756
     706
     717
     706
     715
     646
     705
     641
     654
     611
     621
     604
     608
     584
     575
     602
     615
     587
     538
     504
     534
     492
     551
     499
     475
     497
     490
     482
     482
     495
     459
     481
     467
     466
     454
     474
     479
     472
     513
     520
     541
     562
     585
     659
     671
     714
     737
     827
     816
     932
     999
    1049
    1220
    1144
    1191
    1216
    1307
    1441
    1389
    1394
    1472
    1529
    1527
    1544
    1511
    1490
    1557
    1639
    1615
    1644
    1638
    1677
    1771
    1697
    1801
    1783
    1794
    1924
    1989
    2072
    2085
    2190
    2285
    2338
    2433
    2431
    2423
    2463
    2680
    2690
    2691
    2739
    2811
    2776
    2780
    2892
    2854
    2836
    2727
    2788
    2645
    2634
    2580
    2452
    2321
    2255
    2200
    2095
    1971
    1764
    1738
    1648
    1497
    1351
    1375
    1218
    1114
    1059
    1049
    1024
     979
     977
     927
    1009
    1085
    1141
    1168
    1247
    1371
    1500
    1612
    1774
    2009
    2168
    2451
    2568
    2787
    3126
    3323
    3624
    3847
    3985
    4352
    4594
    4859
    5087
    5221
    5418
    5741
    5879
    6039
    6328
    6499
    6535
    6609
    6621
    6734
    6885
    6867
    6788
    7029
    6941
    6666
    6555
    6407
    6248
    6123
    5920
    5801
    5556
    5207
    5016
    4749
    4442
    4386
    4077
    3820
    3567
    3352
    3203
    3036
    2862
    2674
    2495
    2372
    2311
    2163
    2042
    2051
    1755
    1820
    1795
    1703
    1658
    1595
    1604
    1552
    1464
    1453
    1437
    1332
    1388
    1296
    1254
    1193
    1150
    1137
    1063
    1031
     974
     898
     897
     831
     797
     708
     712
     616
     577
     570
     528
     448
     439
     391
     407
     366
     345
     317
     302
     320
     260
     232
     243
     267
     213
     220
     212
     233
     209
     204
     196
     212
     244
     240
     239
     217
     247
     241
     247
     246
     280
     254
     247
     261
     251
     277
     258
     287
     262
     269
     270
     288
     228
     317
     277
     262
     276
     287
     252
     281
     276
     261
     269
     234
     235
     246
     242
     232
     200
     192
     181
     209
     168
     167
     158
     132
     135
     123
     130
      92
      83
     100
      83
      72
      70
      59
      81
      71
      65
      47
      54
      51
      43
      51
      46
      33
      46
      38
      43
      37
      36
      54
      45
      44
      38
      42
      35
      41
      34
      38
      36
      41
      35
      40
      34
      36
      44
      37
      23
      34
      33
      30
      40
      24
      28
      31
      24
      32
      35
      28
      26
      30
      21
      26
      31
      48
      33
      22
      24
      26
      37
      20
      32
      27
      24
      29
      26
      29
      35
      23
      23
      27
      26
      30
      20
      19
      21
      32
      24
      22
      20
      19
      17
      16
      19
      16
      17
      16
      18
      25
      21
      20
      29
      31
      27
      24
      15
      20
      27
      20
      17
      20
      23
      23
      30
      29
      20
      26
      29
      23
      29
      22
      23
      18
      28
      23
      16
      22
      24
      23
      25
      26
      25
      28
      14
      26
      21
      20
      26
      20
      21
      23
      18
      16
      20
      25
      27
      26
      18
      22
      27
      26
      26
      41
      17
      22
      26
      22
      19
      15
      30
      18
      23
      21
      19
      26
      14
      19
      20
      21
      24
      20
      25
      27
      15
      29
      19
      27
      19
      27
      17
      17
      21
      18
      20
      17
      27
      29
       8
      26
      16
      21
      14
      15
      19
      20
      17
      20
      24
      21
      21
      22
      24
      23
      17
      26
      15
      19
      13
      22
      23
      20
      18
      25
      20
      24
      24
      28
      27
      22
      25
      26
      16
      27
      25
      15
      23
      17
      23
      24
      28
      22
      23
      17
      25
      23
      21
      19
      24
      19
      21
      10
      22
      16
      19
      19
      17
      25
      23
      23
      20
      24
      20
      12
      16
      22
      10
      13
      20
      16
      14
      18
      17
      13
      20
      21
      16
      21
      11
      16
      20
      10
      10
      15
      20
      15
      17
       8
      11
      18
       8
      16
      20
       8
      11
      16
      15
      11
      10
       8
      17
      14
      11
      18
      18
      12
      13
      11
      11
       9
      15
      13
      12
      13
       9
      10
      12
      16
       8
      17
      11
      10
      19
      21
      12
       6
      13
       9
      13
      15
       6
      19
      17
      15
       6
      10
      11
      13
      13
      17
       8
      18
      12
      14
      13
      13
      12
      11
       7
      14
      10
      14
      20
      14
      16
      15
      15
      13
      10
      16
      15
      10
      11
      15
       9
      15
      11
      12
      14
      16
       9
      13
       6
      21
      20
      12
      11
      12
      15
      15
      15
       9
      14
      15
       8
      11
      16
      10
      15
      15
       6
      14
      13
       7
      14
      11
       8
      12
      11
      15
       5
      13
      12
       7
      14
       8
       7
       6
       9
      13
      11
      12
      11
       5
      10
       9
      10
      12
      16
       5
      12
      14
       6
      17
      13
      18
      10
       9
      16
       8
       9
      12
      12
      15
      18
      15
      11
       8
       9
       8
       9
      11
      14
      15
       9
       6
      14
      12
      11
      13
      13
      16
       4
       7
       8
       7
       8
      12
      11
       9
       7
      14
      15
       8
      12
       8
      13
      12
      13
      12
      11
      11
      11
      17
       5
       8
      13
      15
      10
       5
      12
       7
      12
      11
      11
      13
      17
      15
      13
       9
       6
       6
       8
      12
      13
      12
       9
       8
      10
      11
      11
      14
      15
      16
      15
      13
      15
      11
      19
       6
      13
      10
      11
       8
      12
       5
      14
      11
       9
       7
       7
      11
      15
       8
       8
      10
      10
      12
       5
      10
      14
      13
      10
      14
      17
       8
      15
      12
       6
       8
      12
      15
      10
      10
       8
       5
      14
      12
       9
      18
       8
      11
      10
       8
       8
       9
      13
       7
       9
       9
       8
       5
       8
       5
       9
       9
      12
       5
       9
      11
       4
      11
       9
      11
       9
       7
       9
       5
       8
       9
       8
      10
      15
      13
       5
      10
       9
       7
      10
      11
       7
       8
      10
       8
       5
      10
       6
       5
      10
       7
      10
       8
      10
       9
       8
       9
       6
       7
       9
       9
       7
       3
       8
       9
       6
      13
       5
       9
       7
       9
       8
      10
       8
       6
       9
       9
       8
       8
       9
       3
      11
       7
       4
       7
      12
       7
      10
       4
       9
       7
       6
       5
       8
       5
       7
       4
       6
      10
       5
       9
      12
      13
       4
       7
       3
       3
      12
       6
       6
      10
       7
       5
       8
      10
      10
       7
       7
       5
       6
       4
       8
       1
      10
       4
       5
       6
       8
       5
      10
       5
       7
       4
       7
       7
       4
       8
       8
       6
      10
       6
      10
      14
       4
       9
       5
       7
       9
      13
       4
       5
       7
       2
       5
      11
      10
      12
       9
      11
       5
       5
       3
       8
       6
       5
       5
       8
       6
       5
       3
       6
      13
      10
       4
       5
       4
       6
       6
       6
       8
       1
       9
      12
       8
       6
       8
      14
      10
       8
       7
       3
       6
       3
       2
       9
      11
       8
       4
       9
       3
       3
      12
      10
       5
      11
       6
       7
      12
      12
       7
      11
      10
       4
       7
       6
       8
       8
       9
       6
       7
       3
       9
       8
       9
       9
       5
      11
      13
       6
      14
      12
      15
      10
       7
      11
      12
       5
      10
       6
       4
      15
       9
      12
       8
       9
      10
      11
      13
       5
      10
       7
       8
      13
       4
      20
       6
       6
       9
      13
      12
      11
      17
       6
      11
      12
      11
      11
       7
      12
      10
       6
      11
       7
       9
       6
       8
      12
       9
      11
      10
      13
      14
       5
       2
      12
       9
       9
       7
       7
       8
      11
      10
       5
      10
      10
       4
       8
       8
      10
       4
       4
       8
       9
       6
       7
       4
       2
       6
       5
       8
       4
       5
       8
       3
       7
       8
       5
       2
       4
       7
       7
       5
       3
       7
       4
       7
       6
       3
       2
       5
       3
       5
       3
       2
       3
       2
       4
       3
       2
       5
       3
       9
       4
       6
       1
       4
       2
       3
       4
       6
       3
       3
       2
       0
       3
       4
       4
       3
       3
       2
       5
       3
       5
       0
       4
       2
       2
       1
       2
       4
       3
       4
       4
       6
       3
       2
       4
       4
       3
       2
       2
       5
       6
       4
       2
       4
       2
       4
       3
       5
       2
       9
       6
       6
       4
       5
      10
       4
       8
       5
       2
       6
       5
       2
       6
       5
       4
       7
       6
       2
       8
       5
       4
       5
       3
       7
       6
       5
       5
       7
       4
       6
       7
       9
       5
       3
       1
       8
       7
       6
       7
       5
       3
      14
       5
      10
      12
       9
      13
       8
       5
       2
       6
       4
       4
       3
       7
      12
       5
       4
       9
       6
       7
      10
       7
       8
       4
      11
       3
       4
       8
       9
       7
       4
       7
       4
       7
       5
       7
       4
       5
       3
       7
       7
       4
       1
       7
       9
       3
       6
       3
       2
       7
       3
       4
       5
       5
       6
       7
       3
       7
       4
       6
       4
       2
       2
       5
       4
       3
       3
       5
       1
       3
       3
       4
       1
       2
       2
       1
       2
       3
       2
       6
       2
       4
       2
       3
       2
       3
       6
       3
       3
       5
       1
       3
       0
       4
       2
       2
       2
       3
       2
       5
       1
       1
       4
       1
       4
       4
       3
       3
       4
       4
       3
       0
       3
       7
       4
       7
       3
       3
       7
       2
       5
       3
       4
       3
       6
       4
       7
       3
       3
       8
       3
       3
       5
       4
       7
       6
       7
       6
       5
       3
       5
       5
       5
       6
      10
       4
       9
       8
       6
       5
       5
      13
       5
      10
       8
       3
       7
       6
      10
       4
      11
       8
       3
       6
       6
      10
       5
       6
       7
       5
       7
       7
       1
       4
       6
       6
       5
       6
       3
       3
       6
       4
       6
       6
       5
       6
       2
       3
       5
       3
       4
       4
       3
       2
       1
       3
       3
       5
       4
       3
       2
       2
       2
       1
       2
       4
       2
       2
       0
       2
       1
       2
       3
       1
       0
       2
       2
       4
       1
       3
       1
       5
       3
       2
       1
       2
       2
       2
       0
       0
       0
       1
       2
       2
       1
       0
       2
       0
       1
       2
       2
       1
       1
       1
       0
       0
       3
       1
       2
       1
       0
       1
       1
       3
       1
       0
       1
       1
       0
       1
       1
       3
       2
       0
       0
       2
       0
       1
       0
       1
       2
       1
       0
       0
       1
       2
       1
       1
       0
       1
       1
       3
       1
       1
       3
       1
       1
       2
       1
       1
       2
       1
       0
       0
       0
       2
       1
       1
       3
       3
       1
       1
       1
       0
       0
       0
       0
       1
       0
       2
       0
       0
       1
       1
       2
       1
       1
       0
       0
       0
       0
       0
       0
       2
       0
       0
       1
       1
       3
       0
       1
       0
       0
       1
       1
       0
       0
       3
       0
       0
       0
       0
       0
       0
       3
       1
       2
       0
       0
       1
       0
       0
       0
       0
       1
       0
       1
       1
       0
       1
       1
       0
       1
       1
       1
       0
       1
       0
       0
       0
       1
       0
       1
       0
       1
       2
       0
       0
       0
       0
       0
       2
       0
       0
       0
       1
       0
       1
       0
       0
       1
       2
       2
       0
       0
       0
       0
       1
       0
       1
       0
       1
       0
       1
       1
       0
       0
       1
       0
       1
       2
       0
       1
       0
       1
       0
       0
       1
       2
       0
       0
       1
       1
       0
       1
       1
       0
       0
       2
       0
       2
       2
       2
       0
       1
       2
       2
       0
       3
       0
       0
       0
       0
       0
       0
       0
       0
       0
       0
       0
       0
       0
       0
       0
       0
       0
       0
       0
       0
       0
       0
       0
       0
       0
       0
       0
       0
       0
       0
       0
       0
       0
       0
       0
       0
       0
       0
       0
       0
       0
       0
       0
       0
       0
       0
       0
       0
       0
       0
       0
       0
       0
       0
       0
       0
       0
       0
       0
       0
       0
       0
       0
       0
       0
       0
       0
       0
       0
       0
       0
       0
       0
       0
       0
       0
       0
       0
       0
       0
       0
       0
       0
       0
       0
       0
       0
       0
       0
       0
       0
$ROI:
0
$PRESETS:
Live Time
600
0
$ENER_FIT:
0.000000 0.000000
$MCA_CAL:
3
0.000000E+000 0.000000E+000 0.000000E+000 
$SHAPE_CAL:
3
0.000000E+000 0.000000E+000 0.000000E+000
