$SPEC_ID:
Na-22
$SPEC_REM:
DET# 2
DETDESC# PHY-R11-80 MCB 129
AP# Maestro Version 7.01
$DATE_MEA:
11/16/2018 12:17:24
$MEAS_TIM:
180 181
$DATA:
0 2047
       0
       0
       0
      14
     344
     260
     237
     239
     231
     236
     263
     212
     270
     245
     250
     259
     269
     263
     258
     268
     245
     246
     260
     272
     255
     266
     264
     295
     270
     270
     280
     263
     308
     281
     263
     264
     278
     293
     281
     284
     275
     271
     256
     286
     265
     304
     275
     337
     318
     266
     313
     312
     321
     272
     297
     286
     319
     321
     329
     336
     306
     273
     296
     303
     316
     322
     308
     335
     320
     333
     306
     325
     324
     353
     342
     340
     377
     321
     358
     335
     382
     362
     366
     398
     410
     426
     438
     441
     523
     475
     458
     473
     453
     479
     495
     481
     431
     394
     429
     375
     430
     430
     418
     424
     419
     425
     419
     352
     390
     411
     384
     384
     381
     332
     354
     370
     333
     387
     327
     332
     338
     383
     361
     393
     366
     339
     334
     367
     368
     370
     380
     338
     343
     383
     387
     391
     374
     382
     376
     346
     387
     376
     352
     350
     349
     351
     342
     344
     372
     344
     350
     354
     352
     395
     364
     367
     350
     371
     381
     382
     367
     363
     347
     367
     363
     372
     381
     375
     336
     375
     396
     356
     397
     382
     362
     400
     366
     393
     335
     374
     376
     382
     323
     374
     380
     354
     375
     355
     391
     373
     401
     357
     425
     386
     373
     387
     389
     419
     399
     406
     410
     394
     463
     430
     460
     469
     442
     485
     487
     482
     482
     453
     521
     523
     480
     497
     498
     455
     469
     508
     503
     507
     509
     444
     500
     501
     443
     461
     469
     430
     475
     429
     410
     438
     437
     460
     455
     420
     396
     422
     450
     393
     414
     444
     428
     446
     481
     443
     397
     396
     419
     402
     396
     414
     410
     409
     385
     432
     379
     402
     395
     414
     366
     404
     440
     345
     431
     409
     421
     383
     404
     354
     390
     374
     365
     361
     378
     378
     372
     349
     337
     413
     372
     383
     343
     353
     369
     368
     316
     363
     330
     392
     338
     348
     347
     377
     297
     340
     327
     360
     316
     338
     339
     342
     331
     317
     331
     313
     332
     342
     302
     298
     345
     339
     351
     327
     317
     285
     299
     319
     304
     286
     271
     324
     304
     313
     269
     337
     305
     314
     328
     325
     296
     313
     277
     292
     282
     292
     288
     289
     329
     314
     297
     286
     286
     292
     292
     305
     317
     319
     317
     280
     283
     299
     303
     278
     286
     283
     286
     290
     278
     300
     262
     262
     281
     297
     268
     307
     270
     301
     325
     248
     293
     278
     289
     267
     270
     287
     273
     281
     266
     264
     282
     262
     251
     268
     228
     244
     237
     241
     206
     201
     211
     228
     228
     246
     208
     227
     189
     195
     181
     175
     198
     173
     172
     162
     180
     183
     156
     151
     152
     147
     173
     144
     149
     157
     132
     142
     147
     139
     131
     124
     126
     139
     109
     124
     113
     119
     112
     124
     102
     108
     113
     110
     109
     116
     101
     125
     108
     113
     106
      96
     100
     111
     124
     107
     109
     108
      92
     104
     114
     109
     105
      90
      96
      96
      93
      89
      99
      91
      79
      86
      93
      89
      92
      88
      80
     100
      91
      94
      76
      84
      86
      73
      79
      78
      96
      74
      83
     106
      78
      83
      69
      86
      79
      88
      79
      78
      68
      73
      73
      86
      84
      76
      83
      61
      73
      61
      75
      81
      95
      68
      86
      59
      73
      69
      84
      95
      74
      50
      81
      68
      79
      63
      78
      66
      66
      78
      78
      80
      66
      72
      84
      84
      78
      73
      71
      84
      68
      76
      76
      74
      59
      70
      83
      52
      66
      76
      75
      65
      88
      81
      75
      74
      77
      89
      78
      84
      78
      85
      89
      96
     119
     112
     131
     108
     150
     151
     155
     139
     192
     182
     226
     246
     246
     298
     315
     323
     324
     379
     415
     417
     470
     520
     595
     581
     615
     644
     777
     783
     825
     864
     887
     967
    1033
    1120
    1121
    1238
    1254
    1277
    1428
    1361
    1370
    1562
    1635
    1650
    1685
    1750
    1781
    1760
    1880
    1858
    1874
    1899
    1841
    1969
    2043
    1913
    1842
    1853
    1860
    1813
    1779
    1782
    1699
    1753
    1619
    1633
    1623
    1475
    1420
    1325
    1264
    1271
    1184
    1145
     976
     994
     880
     862
     802
     739
     684
     622
     585
     522
     431
     398
     399
     358
     353
     259
     287
     231
     239
     177
     163
     146
     134
     125
     107
     109
     112
      91
      84
      68
      79
      59
      72
      62
      74
      61
      56
      56
      65
      51
      57
      53
      44
      57
      44
      48
      59
      54
      59
      43
      42
      53
      29
      49
      37
      44
      45
      30
      51
      37
      46
      43
      47
      56
      48
      46
      50
      52
      59
      56
      46
      39
      60
      57
      42
      32
      40
      44
      48
      42
      43
      62
      50
      38
      55
      48
      45
      47
      46
      44
      45
      43
      47
      44
      47
      37
      49
      48
      37
      35
      41
      50
      43
      42
      47
      56
      49
      41
      51
      48
      53
      49
      50
      48
      47
      39
      58
      38
      44
      50
      53
      46
      38
      45
      56
      44
      48
      66
      59
      44
      56
      55
      38
      39
      48
      49
      28
      44
      52
      28
      60
      40
      42
      33
      43
      50
      49
      47
      36
      49
      40
      52
      44
      47
      54
      50
      52
      49
      44
      40
      43
      34
      49
      46
      45
      40
      43
      51
      40
      53
      31
      51
      50
      49
      54
      41
      53
      47
      49
      49
      46
      58
      46
      47
      33
      47
      35
      57
      59
      35
      52
      53
      54
      57
      43
      50
      51
      43
      44
      36
      46
      44
      50
      51
      45
      54
      54
      62
      61
      51
      54
      59
      48
      45
      56
      60
      46
      64
      43
      46
      48
      47
      50
      42
      46
      56
      58
      42
      50
      55
      42
      56
      49
      47
      53
      43
      41
      51
      45
      49
      45
      55
      35
      41
      55
      47
      39
      42
      51
      35
      45
      43
      39
      42
      45
      45
      45
      56
      35
      41
      44
      43
      45
      58
      56
      42
      52
      58
      38
      37
      48
      55
      51
      52
      58
      55
      59
      39
      42
      56
      49
      59
      47
      54
      42
      42
      54
      53
      56
      43
      41
      53
      63
      55
      51
      46
      45
      49
      56
      44
      51
      54
      61
      50
      49
      38
      49
      62
      37
      47
      43
      43
      46
      43
      54
      37
      47
      45
      45
      61
      47
      50
      46
      48
      68
      50
      45
      42
      49
      52
      40
      50
      41
      45
      48
      59
      39
      49
      52
      53
      50
      38
      43
      67
      48
      42
      50
      43
      55
      51
      53
      46
      34
      44
      44
      51
      56
      58
      44
      43
      36
      46
      50
      42
      52
      46
      43
      50
      46
      45
      45
      45
      45
      46
      37
      58
      48
      52
      41
      55
      46
      43
      35
      46
      52
      46
      77
      57
      56
      48
      39
      54
      56
      66
      52
      62
      49
      54
      50
      48
      49
      43
      52
      51
      48
      61
      44
      56
      40
      41
      57
      58
      55
      46
      47
      54
      57
      42
      39
      60
      56
      48
      47
      47
      48
      53
      42
      48
      54
      64
      47
      47
      59
      40
      51
      56
      53
      48
      58
      54
      56
      57
      73
      54
      42
      51
      53
      58
      54
      47
      56
      38
      55
      63
      51
      44
      59
      48
      56
      50
      44
      51
      46
      58
      62
      48
      46
      51
      54
      54
      49
      38
      50
      55
      54
      54
      56
      52
      55
      56
      42
      59
      55
      52
      49
      58
      54
      47
      57
      60
      57
      60
      52
      55
      47
      50
      54
      56
      61
      68
      50
      55
      50
      63
      50
      53
      55
      64
      51
      65
      54
      62
      58
      55
      64
      57
      54
      64
      66
      76
      60
      52
      59
      51
      64
      53
      59
      68
      52
      56
      66
      67
      59
      49
      58
      69
      77
      50
      55
      74
      59
      63
      65
      44
      46
      66
      49
      48
      65
      69
      65
      68
      52
      61
      54
      71
      45
      58
      52
      50
      47
      52
      43
      32
      45
      45
      57
      48
      47
      42
      41
      57
      47
      59
      54
      47
      51
      48
      44
      38
      54
      50
      53
      44
      52
      42
      47
      40
      39
      44
      42
      40
      45
      45
      29
      28
      30
      35
      42
      35
      23
      35
      26
      23
      30
      34
      30
      31
      29
      27
      17
      31
      31
      31
      27
      24
      28
      20
      19
      21
      31
      13
      25
      15
      20
      20
      22
      27
      19
      18
      16
      15
      25
      13
      25
      17
      22
      21
      21
      18
      17
      14
      20
      15
      16
      18
      16
      29
      14
      17
      28
       9
      11
      14
      16
       7
      16
      14
      23
       8
      14
      17
       8
      19
      14
      21
      13
      17
       8
      18
      14
      14
      22
      13
      13
      14
       7
      12
      15
      10
      14
       7
      17
      16
       6
      10
       9
      12
      12
      11
      12
       8
      14
      11
       8
      17
      19
      17
      10
      11
      19
      12
       5
      24
       6
      10
      12
      10
      15
      11
       6
      11
       8
      14
       6
      13
       9
       8
       7
      13
      10
       7
      10
      14
       8
       7
       4
       7
       7
       7
       3
      12
       9
      11
      14
       9
      10
       7
      14
       8
      12
      13
       8
       8
       4
      15
       7
       5
      12
      12
      10
      12
       7
      10
      16
      11
      13
       8
      12
      13
      13
      11
      14
       9
      15
      18
      12
      14
      19
       9
      13
      17
      15
      18
      22
      36
      22
      22
      19
      27
      31
      26
      33
      34
      47
      29
      29
      44
      33
      31
      37
      51
      52
      51
      59
      70
      62
      65
      50
      94
      82
      53
      95
     100
      74
      99
     100
      94
      96
     113
     115
     127
     119
     120
     114
     128
     130
     118
     146
     162
     166
     162
     161
     175
     197
     161
     183
     180
     204
     200
     166
     193
     200
     186
     193
     222
     207
     203
     223
     207
     213
     209
     180
     210
     223
     211
     224
     219
     185
     210
     222
     237
     243
     212
     218
     209
     190
     205
     200
     213
     189
     204
     205
     190
     178
     168
     162
     173
     163
     162
     168
     154
     155
     138
     141
     130
     144
     134
     107
     128
     120
     103
      92
     106
     119
      95
      95
      91
      84
      87
      82
      78
      70
      71
      66
      70
      73
      55
      61
      49
      38
      43
      33
      35
      54
      36
      37
      42
      27
      36
      30
      23
      21
      30
      34
      19
      19
      15
      20
      17
      22
      14
      16
       8
      16
       9
       8
       8
      14
       9
      11
      14
      14
       8
       7
       9
       8
       2
      12
      12
       5
       6
       7
       2
      10
       5
       3
       4
       4
       8
       3
      10
       8
       7
      10
      10
       6
       5
       4
       7
       8
       5
       3
       8
       5
       3
       5
       6
      14
       7
       6
       6
       4
       2
       5
       2
       8
       6
       9
       4
       2
       5
       9
       9
       9
       6
       7
       5
       5
       5
       9
       5
       4
       6
       6
       8
       9
       8
       7
       5
       8
       3
      11
       3
      10
       8
       7
       4
       5
       4
       6
       6
       7
       7
      11
      14
       5
       6
       6
       5
       4
       7
       6
       7
       3
       3
      10
      12
       3
       6
       7
       5
       6
       4
       7
       7
       9
      10
       8
      11
      10
       9
       7
      10
      12
       7
       6
       5
       5
      11
       9
       8
       9
      15
       5
       8
      13
       8
       6
       9
       7
       9
      12
      15
       6
       6
       6
      10
       7
      11
       4
       6
       5
       5
       7
       4
       7
       5
       9
       7
      10
       5
       7
      12
      10
       7
       7
       6
       7
       7
       3
      10
      12
      10
       7
       4
       6
       4
       4
       5
      16
       8
       7
       1
       9
      11
       2
      10
       6
       5
      11
       5
       4
       8
       2
       8
       8
       7
       5
       5
       7
       7
      10
       5
       3
       5
       6
       2
       2
      12
       5
       6
       6
       8
       3
       5
       8
      13
       6
       9
       5
       5
       3
      10
       3
       3
       4
       7
       9
       6
       9
       4
       6
       6
       8
       8
       4
       3
       7
       5
       2
       5
       8
       7
       5
       7
       3
       6
       8
       5
      10
       4
       4
       6
       4
       7
       2
       2
       7
       7
       5
       6
       4
       8
       5
       6
       5
       2
       3
       1
       6
       6
       5
       5
       3
       7
       7
       1
       6
       5
       8
       3
       4
       3
       8
       5
       4
       2
       6
       7
       8
       2
       3
       5
       3
       2
       4
       5
       4
       4
       3
       1
       3
       2
       3
       5
       2
       5
       2
       2
       5
       3
       2
       4
       4
       4
       2
       6
       3
       3
       3
       2
       4
       5
       3
       1
       1
       0
       2
       1
       1
       1
       2
       5
       3
       0
       0
       0
       2
       3
       1
       2
       4
       1
       0
       2
       1
       4
       1
       2
       2
       1
       3
       3
       1
       2
       2
       3
       2
       0
       1
       2
       2
       1
       0
       4
       1
       2
       2
       0
       1
       3
       2
       1
       1
       0
       0
       2
       2
       0
       1
       0
       3
       0
       2
       1
       0
       0
       3
       3
       3
       1
       2
       1
       3
       2
       0
       1
       1
       0
       1
       0
       0
       2
       0
       0
       0
       4
       0
       1
       0
       0
       0
       0
       0
       0
       0
       0
       0
       0
       0
       1
       0
       0
       0
       0
       0
       0
       0
       0
       0
       0
       0
       0
       0
       0
       0
       0
       0
       0
       0
       0
       0
       0
       0
       0
       0
       0
       0
       0
       0
       0
       0
       0
       0
       0
       0
       0
       0
       0
       0
       0
       0
       0
       0
       0
       0
       0
       0
       0
       0
       0
       0
       0
       0
       0
       0
       0
       0
       0
       0
       0
       0
       0
       0
       0
       0
       0
       0
       0
       0
       0
       0
       0
       0
       0
       0
       0
       0
       0
       0
       0
$ROI:
0
$PRESETS:
Live Time
180
0
$ENER_FIT:
0.000000 0.000000
$MCA_CAL:
3
0.000000E+000 0.000000E+000 0.000000E+000 
$SHAPE_CAL:
3
0.000000E+000 0.000000E+000 0.000000E+000
