$SPEC_ID:
Na-22
$SPEC_REM:
DET# 2
DETDESC# PHY-R11-80 MCB 129
AP# Maestro Version 7.01
$DATE_MEA:
11/16/2018 15:50:05
$MEAS_TIM:
180 195
$DATA:
0 2047
       0
       0
       0
      40
    1370
    1328
    1752
    2671
    4107
    5766
    7503
   10962
   17016
   25065
   32340
   35099
   31945
   27709
   24085
   22939
   21276
   17866
   15141
   14159
   16313
   21022
   26108
   29457
   30557
   30593
   29927
   30980
   32156
   31577
   28164
   22122
   15099
    9380
    5168
    2808
    1611
    1130
    1027
    1019
    1108
    1348
    1638
    1835
    2275
    2710
    3240
    3821
    4518
    5350
    6600
    7942
    9564
   11378
   13173
   15220
   18389
   22143
   27114
   34688
   45068
   58873
   76894
   98475
  123399
  148978
  172551
  189974
  196310
  190968
  173749
  146252
  114231
   82790
   54649
   33652
   19502
   10556
    5655
    3035
    1833
    1243
    1109
    1052
    1088
    1066
    1185
    1150
    1245
    1272
    1252
    1270
    1281
    1306
    1254
    1250
    1165
    1183
    1082
    1021
    1019
    1020
    1010
     909
     854
     885
     890
     859
     813
     838
     728
     758
     738
     720
     741
     732
     692
     728
     734
     768
     763
     766
     737
     776
     687
     638
     645
     602
     666
     693
     714
     664
     624
     688
     688
     711
     728
     717
     756
     714
     764
     794
     804
     856
     817
     791
     840
     756
     796
     670
     606
     584
     528
     455
     372
     311
     278
     210
     186
     143
     153
     109
     107
     102
      81
     105
      93
      97
      91
      80
      78
      87
      78
      83
      83
      82
      82
      73
      78
      78
      87
      81
      78
      81
      72
      64
      64
      77
      65
      80
      82
      56
      65
      68
      64
      66
      76
      67
      60
      74
      63
      61
      76
      65
      67
      51
      62
      69
      58
      66
      68
      53
      58
      65
      57
      56
      62
      49
      36
      55
      54
      52
      59
      54
      50
      51
      42
      61
      57
      48
      52
      44
      50
      55
      53
      49
      52
      42
      52
      57
      38
      43
      52
      53
      59
      35
      52
      38
      37
      57
      50
      42
      47
      54
      54
      40
      58
      40
      49
      51
      44
      38
      46
      39
      43
      32
      35
      40
      59
      51
      44
      48
      47
      30
      34
      40
      47
      42
      41
      38
      33
      49
      42
      39
      33
      38
      46
      35
      35
      43
      26
      37
      26
      32
      27
      37
      39
      26
      26
      25
      29
      24
      35
      24
      31
      31
      33
      29
      29
      24
      39
      31
      30
      25
      26
      31
      27
      23
      27
      35
      34
      26
      31
      19
      26
      34
      20
      35
      28
      31
      23
      27
      29
      22
      27
      22
      17
      29
      23
      27
      28
      25
      12
      25
      28
      17
      24
      23
      15
      28
      18
      24
      18
      20
      30
      28
      23
      32
      19
      21
      32
      20
      18
      19
      19
      19
      20
      22
      28
      15
      13
      14
      22
      21
      28
      24
      16
      18
      11
      26
      12
      15
      21
      14
      21
      16
      23
      23
      26
      23
      23
      16
      19
      19
      13
      14
      24
      18
      20
      20
      14
      17
      16
      19
      18
      18
      24
      22
      25
      24
      20
      19
      15
      27
      19
      15
      18
      22
      14
      12
      17
      12
      13
       8
      10
      16
      13
      18
      22
      14
      20
      15
      20
      17
      16
       9
      15
      16
      11
      16
      14
      17
      10
      10
      16
      11
      10
      18
      13
      16
       4
      10
      14
      18
      13
      13
      15
      14
      16
      13
       9
      13
      14
      13
      12
      19
       9
      18
      14
      20
       9
      13
       9
      13
      13
      15
      12
      11
      11
      13
      12
      11
      13
      13
      12
      13
      13
       7
      15
       9
       9
      10
       9
      18
      14
      17
       8
      18
      16
      10
      11
      15
      10
      18
      11
      11
      12
       9
      10
      13
      15
       8
      16
       8
       8
       9
      13
      25
       8
       8
      11
       6
       8
       8
      14
      18
      11
      12
      15
      12
       8
       5
      11
      16
      13
      11
       9
      10
       7
       6
       7
       9
       6
       7
       8
      10
       6
      11
      12
      13
       5
       5
       5
      12
       8
       3
       9
       5
      10
       9
       5
      11
       7
       9
       8
       5
      10
      15
       5
      12
      11
       7
       8
       8
      11
       6
       7
       9
       9
      10
      13
      13
       7
      21
      10
      12
       4
      15
      11
      12
       9
      10
       7
      13
       8
       7
       5
       8
       9
       9
      14
       8
       7
       9
      10
      15
       7
      15
       6
       8
      12
       7
      13
       8
      13
       5
       8
      11
       8
      13
       7
       6
       6
      11
       7
       9
       7
      13
      11
       3
       4
       4
       8
       5
      12
       6
      11
       6
       3
      10
       9
       5
      11
       9
      10
       8
       7
       9
       7
       7
       8
       4
      13
       5
      10
       7
       9
       7
       6
      10
       8
       7
       5
       5
       8
       6
       4
      10
       4
       4
       9
       6
       7
       4
       8
       5
       4
       8
      10
       8
       8
       7
      13
       5
      13
       5
       7
       4
       5
       9
      12
       6
      11
      11
      10
      10
       9
       6
      10
       6
      11
       6
       9
       8
       7
       6
       8
       8
       5
       9
       7
       4
       6
       8
       6
      10
       3
       7
       6
       9
       4
       9
       4
       9
       8
       4
       6
       6
       9
      10
      11
      10
       6
      11
       6
       7
       8
       5
       9
      10
       7
       9
       6
       8
      10
       7
       6
       5
       6
       7
      10
       7
      14
      11
       7
       7
       8
       8
       7
       9
      14
       7
      11
       5
      12
       7
       7
      15
       8
       7
       7
       7
       6
      10
       9
       6
      10
       7
      12
       8
       7
       5
      14
      14
       4
       6
       4
      10
       5
      11
       4
      11
       4
       7
       7
       6
       7
       8
       5
       7
       9
       3
       1
       7
       5
       7
       3
      11
       6
       7
       7
       4
       3
       6
       3
       5
       5
       4
       7
       7
       5
       9
       2
       4
       3
       7
       9
       7
       6
       1
       6
       4
       6
       5
       3
       5
       3
       3
       8
       5
       3
       4
       6
       3
       1
       6
       5
       5
       3
       6
       3
       9
       4
       4
       7
       3
       5
       5
       5
       2
       9
       4
       3
       5
       5
       5
       1
       4
       6
       5
       3
       3
       4
       2
       2
       5
       4
       6
      12
      10
       5
       7
       2
       6
       1
       3
       5
       3
       6
       9
       6
       6
       5
       4
       8
       4
       7
       4
       6
       6
       5
       2
       2
       3
       6
       3
       6
       7
       7
       5
       4
       6
       1
       8
       2
       8
       7
       2
       6
       4
       6
       6
       5
       9
       6
       5
       4
       4
       3
       2
       2
       6
       4
       1
       5
       3
       7
       3
       2
       5
       6
       1
      11
       4
       8
       5
       2
       7
       5
       6
       2
       3
       6
       5
       4
       6
       7
       4
       6
       5
       6
       4
       4
       6
       6
       2
       3
       1
       2
       4
       3
       7
       4
       2
       5
       5
       6
       6
       6
       3
       8
       1
       5
       6
       4
       6
      13
       5
       1
       1
       8
       2
       3
       4
       5
       4
       5
       3
       5
       5
       4
       6
       5
       6
       4
       5
       7
       3
       5
       3
       3
       2
       5
       6
       5
       0
       7
       6
       3
       3
       2
       5
       4
       3
       7
       7
       6
       3
       3
       3
       3
       4
       5
       7
       4
       3
       3
       2
       3
       6
       5
       4
       8
       6
       3
       6
       3
       1
       4
       1
       6
       7
       2
       0
       6
       4
       4
       7
       4
       4
       7
       2
       2
       5
       6
       3
       2
       7
       1
       5
       7
       3
       1
       5
       4
       6
       5
       5
       3
       4
       4
       3
       4
       5
       5
       2
       3
       7
       4
       1
       4
       4
       1
      10
       0
       1
       4
       5
       4
       5
       3
       4
       9
       5
       3
       6
       2
       4
       5
       2
       1
       7
       4
       5
       5
       4
       3
       7
       2
       2
       6
       4
       3
       5
       4
       4
       3
       6
       5
       3
       3
       4
       1
       6
       6
       5
       2
       4
       2
       3
       4
       3
       2
       8
       3
       1
       4
       3
       1
       3
       3
       5
       2
       1
       6
       1
       2
       2
       2
       3
       2
       3
       2
       3
       5
       3
       2
       1
       5
       1
       3
       2
       2
       6
       1
       5
       3
       2
       2
       5
       1
       1
       1
       2
       2
       4
       5
       4
       2
       4
       5
       2
       4
       3
       2
       4
       3
       4
       2
       2
       2
       1
       1
       2
       3
       4
       0
       2
       1
       1
       0
       6
       2
       3
       4
       2
       0
       4
       3
       3
       1
       8
       3
       6
       1
       2
       3
       2
       6
       4
       1
       4
       2
       3
       0
       4
       1
       2
       4
       1
       0
       1
       5
       7
       5
       2
       4
       3
       2
       3
       3
       2
       3
       5
       2
       2
       3
       4
       7
       2
       3
       1
       2
       2
       1
       4
       2
       3
       2
       1
       3
       3
       4
       4
       1
       3
       1
       2
       3
       6
       2
       1
       3
       2
       1
       4
       2
       2
       4
       4
       6
       5
       4
       3
       1
       1
       3
       5
       4
       3
       1
       2
       4
       6
       5
       2
       5
       5
       4
       4
       7
       5
       1
       4
       4
       2
       5
       4
       3
       4
       6
       1
       3
       4
       3
       3
       3
       3
       2
       5
       5
       1
       2
       2
       6
       9
       3
       4
       5
       1
       0
       4
       3
       6
       2
       4
       7
       4
       5
       1
       4
       3
       6
       2
       9
       5
       7
       8
       4
       4
       7
       7
       2
       6
       7
       6
       1
       1
       1
       6
       6
       6
       4
       4
       6
       0
       5
       2
       3
       5
       2
       1
       3
       4
       1
       3
       2
       2
       1
       2
       1
       0
       1
       4
       2
       1
       2
       2
       0
       1
       4
       2
       0
       5
       1
       2
       3
       4
       2
       2
       0
       0
       0
       3
       0
       0
       3
       2
       1
       1
       2
       3
       1
       2
       1
       2
       1
       1
       0
       0
       1
       1
       1
       1
       2
       0
       0
       2
       3
       0
       0
       1
       1
       0
       1
       1
       1
       1
       0
       0
       0
       0
       2
       0
       2
       0
       2
       1
       3
       3
       1
       1
       1
       3
       1
       3
       1
       1
       2
       3
       2
       1
       1
       3
       2
       1
       2
       1
       2
       4
       4
       0
       4
       3
       3
       5
       1
       0
       4
       3
       0
       4
       1
       2
       1
       0
       4
       3
       2
       0
       2
       4
       4
       1
       4
       0
       1
       2
       2
       4
       6
       2
       4
       1
       3
       2
       4
       4
       3
       3
       2
       5
       2
       1
       4
       0
       2
       4
       3
       4
       0
       2
       3
       2
       4
       2
       3
       2
       3
       3
       1
       4
       3
       2
       1
       1
       6
       4
       2
       4
       5
       0
       3
       4
       4
       1
       2
       6
       2
       3
       0
       1
       1
       1
       1
       2
       1
       1
       2
       1
       4
       4
       1
       2
       2
       0
       3
       0
       1
       2
       1
       2
       2
       1
       2
       2
       1
       1
       1
       0
       1
       2
       1
       1
       0
       2
       2
       1
       0
       2
       1
       1
       0
       1
       0
       0
       2
       1
       0
       0
       2
       1
       0
       1
       3
       1
       0
       2
       1
       2
       2
       2
       1
       0
       1
       0
       5
       1
       1
       2
       2
       0
       2
       1
       2
       0
       1
       0
       0
       1
       2
       1
       2
       3
       2
       1
       1
       2
       2
       2
       1
       1
       1
       2
       1
       4
       4
       3
       1
       1
       2
       3
       0
       0
       4
       5
       0
       5
       2
       0
       2
       5
       2
       2
       1
       1
       1
       5
       2
       1
       2
       2
       3
       2
       0
       1
       1
       1
       0
       3
       1
       1
       3
       2
       2
       5
       3
       2
       1
       1
       0
       0
       1
       1
       1
       3
       2
       0
       0
       1
       0
       1
       1
       1
       0
       1
       1
       1
       1
       0
       1
       1
       3
       0
       0
       2
       0
       3
       1
       1
       1
       0
       0
       0
       1
       1
       1
       4
       1
       1
       0
       1
       1
       1
       2
       0
       0
       1
       0
       0
       3
       0
       0
       2
       0
       0
       0
       0
       0
       0
       0
       0
       0
       0
       0
       1
       1
       0
       0
       0
       0
       0
       0
       0
       2
       1
       0
       0
       0
       0
       0
       0
       0
       0
       0
       3
       1
       1
       0
       0
       0
       0
       0
       0
       0
       0
       0
       0
       0
       0
       1
       0
       0
       0
       0
       0
       1
       0
       0
       0
       0
       0
       0
       1
       1
       0
       0
       0
       1
       0
       0
       2
       0
       0
       0
       1
       0
       1
       0
       2
       0
       0
       0
       0
       0
       1
       2
       0
       0
       0
       0
       0
       0
       0
       0
       0
       0
       0
       0
       1
       0
       0
       0
       0
       0
       0
       2
       1
       0
       0
       0
       1
       1
       0
       0
       0
       0
       0
       0
       0
       0
       0
       0
       1
       0
       0
       0
       0
       0
       1
       0
       0
       1
       0
       0
       0
       0
       0
       0
       0
       1
       0
       0
       0
       0
       0
       0
       0
       0
       0
       0
       0
       0
       0
       0
       0
       0
       0
       0
       1
       0
       0
       1
       0
       0
       1
       1
       1
       0
       1
       0
       0
       0
       0
       1
       0
       1
       0
       1
       0
       0
       0
       1
       0
       0
       2
       0
       0
       0
       0
       0
       0
       2
       0
       0
       0
       0
       0
       0
       0
       0
       0
       2
       0
       0
       0
       0
       0
       0
       0
       0
       0
       0
       0
       0
       0
       0
       0
       0
       0
       0
       0
       0
       0
       0
       0
       0
       0
       0
       0
       0
       0
       0
       0
       0
       0
       0
       0
       0
       0
       0
       0
       0
       0
       0
       0
       0
       0
       0
       0
       0
       0
       0
       0
       0
       0
       0
       0
       0
       0
       0
       0
       0
       0
       0
       0
       0
       0
       0
       0
       0
       0
       0
       0
       0
       0
       0
       0
       0
       0
       0
       0
       0
       0
       0
       0
       0
       0
       0
       0
       0
       0
       0
       0
$ROI:
0
$PRESETS:
Live Time
180
0
$ENER_FIT:
0.000000 0.000000
$MCA_CAL:
3
0.000000E+000 0.000000E+000 0.000000E+000 
$SHAPE_CAL:
3
0.000000E+000 0.000000E+000 0.000000E+000
