$SPEC_ID:
Na-22
$SPEC_REM:
DET# 2
DETDESC# PHY-R11-80 MCB 129
AP# Maestro Version 7.01
$DATE_MEA:
11/16/2018 16:18:12
$MEAS_TIM:
180 187
$DATA:
0 2047
       0
       0
       0
      24
     895
     659
     652
     675
     718
     688
     711
     762
     689
     730
     725
     724
     732
     711
     708
     736
     760
     781
     784
     850
     990
    1122
    1155
    1288
    1288
    1346
    1385
    1394
    1408
    1451
    1525
    1666
    1866
    2092
    2223
    2575
    2843
    3046
    3293
    3433
    3518
    3373
    3009
    2590
    2319
    2182
    2072
    2156
    2286
    2575
    2683
    2926
    3076
    3105
    3151
    2940
    2763
    2523
    2502
    2453
    2729
    2714
    2957
    3027
    3423
    3681
    4087
    4607
    5254
    5949
    7323
    8652
   10431
   12901
   15212
   18162
   20886
   23203
   24999
   25687
   25617
   24644
   22931
   20494
   18900
   17695
   17286
   17822
   19197
   20650
   22329
   23854
   24195
   23721
   22154
   19863
   16978
   13613
   10835
    8105
    5880
    4202
    3074
    2181
    1687
    1277
    1075
    1003
     845
     817
     767
     810
     781
     734
     766
     714
     760
     807
     735
     760
     744
     786
     792
     851
     824
     823
     793
     794
     781
     860
     833
     870
     892
     860
     916
     908
     968
     935
    1000
     974
     970
     979
     989
     998
     993
     945
    1007
     986
    1011
     966
     899
     907
     980
     912
     936
     947
     942
     913
     956
    1004
    1002
     997
    1079
    1069
    1045
    1138
    1120
    1262
    1212
    1192
    1248
    1316
    1321
    1425
    1573
    1545
    1611
    1680
    1768
    1769
    1722
    1757
    1780
    1815
    1831
    1711
    1688
    1605
    1518
    1394
    1288
    1259
    1148
    1048
    1074
     962
     929
     902
     905
     837
     914
     905
     903
     941
     960
     834
     930
     923
     930
     894
     957
     941
     913
     967
     904
     958
     936
    1002
     912
     928
     954
     877
     914
     970
     923
     913
     905
     889
     872
     929
     803
     872
     846
     898
     878
     859
     866
     832
     878
     789
     811
     859
     823
     884
     838
     834
     818
     835
     836
     883
     797
     815
     868
     856
     780
     805
     829
     802
     799
     773
     829
     798
     804
     788
     746
     738
     720
     837
     771
     705
     745
     747
     732
     740
     714
     750
     721
     769
     728
     730
     741
     714
     704
     721
     723
     715
     673
     702
     672
     682
     692
     624
     666
     709
     717
     664
     652
     713
     673
     655
     674
     672
     603
     675
     687
     646
     675
     603
     653
     714
     626
     646
     633
     685
     608
     610
     599
     600
     609
     612
     578
     606
     662
     628
     583
     609
     630
     606
     637
     625
     601
     603
     566
     600
     610
     615
     613
     595
     623
     609
     662
     604
     621
     593
     629
     601
     625
     606
     610
     617
     579
     601
     599
     601
     660
     543
     607
     643
     589
     574
     664
     627
     616
     606
     585
     591
     567
     614
     573
     632
     626
     616
     556
     583
     535
     575
     559
     559
     535
     580
     532
     515
     530
     562
     506
     496
     477
     514
     465
     483
     465
     458
     406
     425
     445
     416
     425
     394
     389
     380
     394
     341
     381
     333
     336
     377
     329
     291
     345
     280
     320
     315
     302
     287
     252
     283
     279
     293
     263
     280
     261
     281
     244
     266
     265
     264
     242
     276
     271
     243
     212
     234
     255
     225
     228
     221
     227
     207
     211
     233
     230
     226
     228
     215
     220
     201
     204
     186
     247
     211
     203
     243
     210
     211
     189
     185
     191
     217
     207
     187
     198
     184
     166
     174
     210
     185
     181
     179
     170
     179
     198
     179
     193
     167
     170
     182
     186
     160
     194
     180
     194
     188
     166
     148
     205
     194
     190
     161
     190
     174
     176
     178
     172
     174
     171
     197
     185
     197
     194
     178
     175
     180
     179
     165
     128
     162
     178
     161
     162
     165
     180
     156
     167
     161
     179
     177
     163
     182
     191
     171
     175
     156
     161
     150
     176
     153
     162
     194
     185
     131
     172
     166
     182
     150
     172
     185
     187
     174
     181
     174
     157
     177
     195
     191
     207
     214
     221
     235
     194
     219
     266
     291
     272
     312
     316
     329
     369
     438
     440
     470
     518
     560
     668
     661
     707
     783
     866
     985
    1029
    1056
    1239
    1166
    1346
    1382
    1487
    1509
    1681
    1845
    1811
    2061
    2051
    2206
    2281
    2434
    2541
    2661
    2740
    2917
    3026
    3097
    3234
    3341
    3357
    3426
    3552
    3705
    3688
    3663
    3914
    3850
    3827
    3905
    3906
    3835
    3874
    3810
    3740
    3639
    3674
    3493
    3461
    3423
    3322
    3229
    3130
    2946
    2834
    2642
    2613
    2485
    2266
    2228
    1997
    1939
    1796
    1773
    1650
    1485
    1405
    1265
    1204
    1036
    1049
     883
     847
     788
     704
     644
     567
     536
     429
     403
     370
     341
     317
     313
     283
     254
     247
     246
     220
     200
     188
     171
     166
     150
     174
     166
     142
     145
     136
     154
     142
     126
     126
     120
     170
     152
     138
     124
     132
     140
     128
     152
     126
     132
     114
     130
     141
     127
     129
     122
     125
     139
     126
     134
     135
     129
     131
     144
     122
     117
     120
     125
     147
     128
     110
     130
     120
     111
     127
     135
     113
     136
     112
     121
     120
     128
     109
     126
     122
     112
     124
     119
     130
     119
     109
     114
     116
     101
     106
     105
      98
     111
     123
     104
     102
      96
     103
     129
     129
      90
     107
     103
     112
      94
      94
     114
      91
     119
     113
     110
     107
     105
     106
     107
      97
     100
     110
      95
     105
      88
     114
     104
     133
     112
     115
      91
      91
     108
     126
     108
     103
     101
     108
     117
     120
     121
     115
     125
     121
     105
     126
     126
     112
     101
     113
     106
     125
     120
     118
     117
      94
     114
      99
      97
     124
     107
     102
     111
     120
     123
     111
     109
     122
     130
     108
     100
     119
     131
     117
     114
     119
      92
      99
     117
     103
     107
     119
     124
     145
     120
     117
     134
     107
     113
     111
     111
     127
     114
     123
     116
     124
     110
     111
     126
     120
     124
     113
     123
     121
     122
     122
     103
     121
     121
     112
     111
     135
     124
     112
     110
     110
     126
     103
     136
     114
     106
     126
     105
     103
     104
     101
     117
     111
     114
     107
     100
     106
     117
     102
      94
     120
     118
      97
     114
     102
     109
     109
     131
      95
     110
     105
     107
     135
     135
     110
     130
     112
     119
      96
     117
      97
     129
     104
     119
     124
     107
      92
     108
     105
      99
     126
     112
     108
     134
      93
     107
     127
     127
     103
     124
     116
     100
     106
     106
     118
      91
     120
     117
     126
     108
     102
     116
     111
     103
     112
     128
     114
     110
     118
     122
     120
     111
     128
     129
     116
     134
     112
     123
     104
     124
     113
     127
     125
     113
     132
     113
     126
     122
     135
     117
     110
     140
     103
     132
     108
     129
     109
     106
     131
     111
     109
     130
     141
     114
     117
     118
     115
     116
     111
     104
     112
     147
     109
     111
     118
     128
     130
     134
     110
     128
     120
     126
     130
     130
     120
     112
     114
     122
     110
     127
     126
     105
     106
     105
     142
     120
     134
     130
     132
     139
     118
     141
     113
     134
     113
     118
     121
     118
     121
     116
     130
     118
     127
     118
     125
     128
     104
     149
     131
     129
     136
     139
     123
     116
     158
     127
     103
     124
     128
     141
     116
     135
     114
     121
     125
     134
     135
     112
     113
     134
     146
     134
     121
     115
     128
     128
     121
     118
     124
     142
     112
     135
     131
     136
     116
     123
     115
     121
     141
     124
     131
     121
     113
      86
     116
     115
     110
     112
      97
     136
     123
     109
     104
     114
     100
      98
     116
      99
     112
      91
     101
     107
      89
      78
      82
     101
      86
      95
      89
      93
      77
      82
      95
      97
      71
      78
      80
      73
      62
      70
      67
      60
      62
      55
      72
      59
      75
      68
      71
      61
      61
      76
      59
      63
      57
      70
      70
      57
      38
      53
      59
      59
      60
      40
      56
      64
      45
      49
      37
      59
      42
      41
      50
      44
      42
      52
      47
      49
      48
      45
      45
      43
      33
      47
      44
      55
      32
      27
      45
      42
      45
      46
      32
      47
      40
      29
      36
      40
      28
      33
      34
      43
      40
      26
      39
      35
      33
      23
      39
      39
      27
      35
      33
      30
      24
      34
      30
      40
      27
      41
      28
      27
      29
      28
      30
      28
      38
      35
      31
      20
      36
      17
      25
      27
      21
      32
      26
      30
      25
      22
      21
      26
      19
      17
      22
      31
      21
      24
      20
      18
      21
      19
      18
      24
      20
      25
      23
      26
      19
      26
      15
      23
      20
      21
      23
      20
      15
      22
      17
      19
      18
      18
      24
      25
      28
      21
      21
      23
      22
      22
      24
      16
      15
      16
      14
      24
      29
      22
      24
      27
      18
      23
      19
      26
      33
      20
      16
      24
      27
      43
      25
      28
      27
      27
      31
      29
      31
      33
      39
      47
      45
      51
      45
      54
      39
      38
      46
      74
      62
      68
      73
      60
      66
      78
      74
      91
      85
      90
     112
     111
     112
     107
     118
     124
     128
     132
     134
     156
     148
     222
     158
     177
     172
     205
     224
     230
     246
     255
     279
     260
     282
     265
     282
     265
     312
     320
     333
     350
     332
     397
     386
     391
     376
     399
     410
     394
     390
     425
     465
     420
     460
     449
     489
     443
     480
     476
     491
     483
     456
     493
     466
     506
     474
     531
     514
     484
     482
     531
     470
     506
     483
     478
     499
     476
     434
     447
     468
     446
     426
     401
     448
     412
     418
     374
     369
     361
     329
     356
     338
     325
     332
     332
     312
     300
     283
     310
     282
     269
     260
     242
     257
     208
     225
     196
     206
     184
     173
     167
     167
     145
     163
     134
     154
     152
     105
     117
     117
     105
      89
      71
      72
      67
      77
      79
      71
      61
      68
      60
      45
      64
      39
      49
      40
      43
      40
      43
      36
      34
      30
      25
      32
      39
      23
      26
      32
      29
      30
      22
      23
      17
      17
      23
      21
      19
      25
      12
      18
      12
      20
      21
      17
      19
      23
      25
       9
      14
      16
       8
      16
      16
      23
      15
      13
      16
       7
      14
      20
      15
      14
      18
      13
      19
      21
      22
      15
      13
      20
      18
      18
       8
      13
      19
      10
      12
      17
      16
      21
      12
      20
      13
       8
      12
      17
      17
      10
      11
      16
      13
      16
      21
      13
       9
      14
      23
       8
      10
      14
       9
       7
      20
      18
       8
      16
      11
      15
       8
      14
      15
      18
       9
      10
      12
      12
      22
       8
      13
      14
      17
      11
      14
       9
      13
      22
      17
      15
      15
      12
       8
      18
      15
       6
      12
      15
      20
      15
      16
      15
      14
      18
      13
      11
      11
      12
      10
      13
      12
      16
      11
      19
      13
       6
       9
      15
      24
      13
      13
      12
      15
      19
      18
      15
      16
      14
      12
      13
      15
      21
      17
      16
      16
      14
      11
      12
      15
       9
      13
      19
      16
      12
      12
      18
       8
       7
      11
      22
      16
      15
      10
      14
       5
      15
      18
      17
      14
      15
      18
      11
       6
      13
      11
      10
      12
      10
      10
      23
       9
      12
      20
       9
      18
      20
      13
      13
       9
      14
      16
      10
       6
       9
      21
      16
      15
      13
      11
      15
      11
      16
      15
      10
       9
      16
      16
      18
      20
      17
      11
      13
      13
      12
      18
      13
      15
      11
      21
      18
      18
      13
      10
      21
      13
      19
      10
      14
      18
      11
      12
      18
      18
      20
       9
      13
      14
      17
      10
      18
      10
      16
      11
      14
       9
      10
       9
      10
      20
      19
      16
      11
      14
      11
      11
      15
       9
      17
      19
      21
      17
      11
       7
      12
      16
      14
      11
      16
      10
      10
       8
      17
      21
      14
       8
      15
      17
      13
      15
      13
      13
      12
      13
      14
      10
      11
       9
      12
       6
      14
      16
      10
       9
       9
      17
       9
       7
      13
       6
      11
       4
      14
       9
      10
      12
       7
      14
       9
       4
       4
       9
      13
       7
       5
      11
      15
       7
       9
       4
       5
       5
      12
       9
      11
      14
       3
       6
       8
       8
       6
       5
       8
       7
       5
       9
       9
       8
      11
      14
       7
       9
       4
       7
       8
       5
       6
       3
       8
       5
      11
      13
       8
       8
       3
       2
       3
       7
       5
       9
       2
       3
       3
       3
       2
       6
       2
       5
       6
       5
       4
       3
       3
       1
       0
       0
       4
       4
       3
       1
       2
       1
       2
       2
       5
       4
       5
       3
       2
       6
       1
       0
       3
       2
       5
       2
       4
       2
       4
       2
       2
       3
       1
       1
       4
       2
       5
       2
       5
       2
       4
       2
       2
       1
       2
       0
       3
       3
       3
       0
       2
       4
       1
       1
       1
       2
       2
       3
       2
       4
       2
       1
       2
       2
       1
       3
       2
       2
       0
       4
       5
       7
       1
       5
       4
       2
       1
       5
       3
       2
       2
       3
       1
       4
       3
       3
       4
       2
       4
       6
       4
       4
       3
       8
       7
       5
       3
       6
       5
       5
       4
       6
       6
       7
       9
       9
      15
       8
       7
       6
       9
       8
      14
       8
      13
       8
       4
       8
      13
      10
      17
       7
      11
      11
      16
      15
      16
      20
      12
      13
      14
      15
      13
      13
      22
      19
      12
      20
      13
      12
      24
      14
      17
      16
      20
      15
      24
      19
      24
      19
      21
      18
      25
      19
      20
      26
      22
      23
      23
      20
      18
      18
      26
      23
      25
      25
      22
       9
       1
       0
       0
       0
       0
       0
       0
       0
       0
       0
       1
       0
       0
       0
       0
       0
       0
       0
       0
       0
       0
       1
       0
       0
       0
       0
       0
       0
       0
       0
       0
       0
       0
       0
       0
       1
       0
       0
       0
       0
       0
       0
       0
       0
       0
       0
       0
       0
       0
       0
       0
       0
       0
       0
       0
       0
       0
       0
       0
       0
       0
       0
       0
       0
       0
       0
       0
       0
       0
       0
       0
       0
       0
       0
       0
       0
       0
       0
       0
       0
       0
       0
       0
       0
       0
       0
       0
       0
       0
       0
$ROI:
0
$PRESETS:
Live Time
180
0
$ENER_FIT:
0.000000 0.826957
$MCA_CAL:
3
0.000000E+000 8.269570E-001 0.000000E+000 keV
$SHAPE_CAL:
3
0.000000E+000 0.000000E+000 0.000000E+000
