$SPEC_ID:
Na-22
$SPEC_REM:
DET# 2
DETDESC# PHY-R11-80 MCB 129
AP# Maestro Version 7.01
$DATE_MEA:
11/16/2018 14:56:45
$MEAS_TIM:
180 191
$DATA:
0 2047
       0
       0
       0
      58
    3786
     716
     726
     669
     698
     700
     709
     750
     680
     740
     708
     688
     726
     694
     745
     753
     756
     774
     734
     780
     788
     820
     885
     926
    1081
    1232
    1426
    1645
    1722
    1705
    1680
    1522
    1379
    1182
    1083
     989
     949
     924
     916
     877
     870
     831
     844
     870
     882
     874
     895
     837
     869
     883
     922
     916
     890
     905
     893
     866
     924
     884
     927
     883
     947
     951
     925
     929
     877
     906
     861
     934
     949
     909
     946
     950
    1008
     944
    1033
     943
    1024
    1036
    1070
    1094
    1129
    1165
    1287
    1297
    1376
    1498
    1492
    1493
    1483
    1531
    1540
    1568
    1476
    1536
    1556
    1508
    1466
    1471
    1418
    1423
    1391
    1276
    1238
    1180
    1111
    1135
    1143
    1093
    1036
    1080
    1033
    1049
    1041
    1046
     991
     982
     995
    1010
    1040
     978
     991
     992
    1042
     992
    1037
    1041
    1009
    1032
    1023
    1034
    1044
    1029
    1035
    1105
    1058
    1033
    1010
     974
     995
    1072
    1063
     988
    1083
    1036
    1117
    1048
    1102
    1045
    1083
    1042
    1026
    1035
    1143
    1092
    1143
    1084
    1069
    1071
    1103
    1104
    1088
    1169
    1130
    1128
    1183
    1108
    1135
    1101
    1126
    1161
    1122
    1113
    1172
    1128
    1171
    1117
    1075
    1114
    1089
    1092
    1162
    1138
    1143
    1145
    1158
    1173
    1131
    1116
    1161
    1131
    1195
    1179
    1111
    1108
    1129
    1140
    1156
    1157
    1218
    1118
    1155
    1248
    1213
    1192
    1148
    1194
    1152
    1147
    1128
    1165
    1181
    1125
    1131
    1124
    1079
    1115
    1125
    1120
    1167
    1085
    1204
    1216
    1156
    1150
    1208
    1219
    1179
    1207
    1147
    1230
    1163
    1102
    1169
    1183
    1230
    1238
    1213
    1344
    1233
    1262
    1230
    1350
    1340
    1355
    1338
    1384
    1434
    1436
    1457
    1477
    1514
    1559
    1514
    1568
    1549
    1539
    1664
    1579
    1662
    1634
    1641
    1739
    1694
    1769
    1726
    1684
    1701
    1752
    1685
    1665
    1845
    1729
    1706
    1692
    1774
    1604
    1763
    1667
    1639
    1593
    1613
    1659
    1597
    1664
    1565
    1519
    1559
    1538
    1523
    1517
    1521
    1500
    1508
    1456
    1471
    1448
    1448
    1423
    1477
    1367
    1459
    1393
    1367
    1375
    1439
    1363
    1355
    1351
    1260
    1305
    1268
    1256
    1342
    1264
    1241
    1288
    1321
    1241
    1269
    1219
    1215
    1213
    1219
    1187
    1185
    1223
    1155
    1245
    1180
    1108
    1145
    1157
    1148
    1160
    1133
    1103
    1089
    1106
    1109
    1074
    1108
    1083
    1098
    1119
    1050
    1126
    1077
    1060
    1005
    1065
    1027
    1080
    1074
    1068
    1085
    1040
    1081
     999
    1072
    1004
     995
    1060
     983
    1040
    1034
    1026
     985
     972
     996
    1027
    1011
    1010
     990
    1003
     957
     945
     936
     934
     904
     922
     917
     895
     914
     875
     889
     923
     834
     938
     836
     870
     900
     933
     877
     900
     887
     862
     888
     838
     925
     918
     873
     863
     847
     903
     877
     874
     857
     860
     921
     944
     876
     931
     878
     856
     841
     979
     940
     911
     905
     925
     878
     873
     907
     938
     912
     868
     837
     934
     847
     887
     847
     900
     835
     841
     845
     835
     877
     804
     825
     813
     811
     813
     832
     811
     824
     800
     832
     729
     756
     774
     806
     757
     765
     756
     780
     784
     768
     744
     783
     743
     759
     757
     754
     727
     731
     753
     709
     708
     740
     741
     741
     747
     750
     722
     652
     707
     727
     733
     777
     710
     750
     690
     696
     673
     689
     678
     752
     752
     698
     700
     687
     693
     696
     738
     684
     744
     701
     667
     731
     703
     716
     650
     712
     708
     683
     659
     713
     685
     701
     712
     683
     682
     662
     675
     707
     681
     687
     655
     674
     690
     673
     652
     666
     705
     643
     604
     711
     663
     695
     656
     634
     706
     675
     706
     639
     712
     704
     742
     682
     678
     667
     689
     616
     642
     660
     655
     633
     647
     721
     642
     654
     697
     624
     700
     695
     610
     619
     634
     644
     672
     658
     628
     671
     673
     624
     638
     640
     630
     646
     652
     692
     652
     683
     683
     646
     668
     641
     680
     655
     682
     680
     650
     677
     649
     626
     707
     625
     646
     606
     636
     669
     682
     626
     740
     621
     664
     652
     661
     639
     674
     646
     664
     630
     617
     669
     690
     673
     653
     658
     672
     654
     702
     668
     706
     605
     623
     668
     663
     640
     624
     678
     677
     615
     650
     620
     619
     661
     683
     605
     653
     627
     655
     615
     627
     669
     637
     659
     686
     649
     625
     640
     655
     632
     618
     597
     662
     614
     619
     658
     649
     638
     639
     603
     633
     661
     662
     604
     613
     609
     602
     627
     615
     655
     614
     639
     627
     623
     614
     615
     672
     593
     636
     578
     602
     643
     647
     668
     623
     608
     633
     615
     615
     600
     637
     596
     635
     624
     648
     644
     643
     628
     578
     608
     635
     622
     630
     615
     580
     628
     634
     661
     610
     619
     669
     642
     596
     637
     654
     630
     644
     586
     596
     646
     587
     593
     626
     623
     648
     667
     637
     615
     666
     663
     617
     614
     610
     635
     646
     672
     639
     614
     639
     605
     623
     608
     585
     657
     602
     653
     642
     647
     633
     643
     612
     634
     629
     635
     632
     644
     611
     627
     634
     653
     651
     611
     620
     664
     631
     653
     639
     645
     648
     643
     597
     660
     608
     612
     595
     637
     689
     650
     605
     613
     613
     645
     609
     669
     585
     601
     615
     591
     617
     619
     657
     612
     649
     662
     616
     647
     625
     607
     652
     667
     618
     663
     621
     682
     642
     707
     667
     639
     633
     637
     668
     634
     635
     641
     629
     650
     639
     647
     605
     609
     621
     611
     625
     680
     600
     614
     649
     630
     617
     637
     639
     660
     666
     630
     639
     653
     682
     623
     646
     630
     632
     607
     688
     628
     634
     632
     639
     622
     663
     588
     622
     666
     591
     678
     669
     623
     638
     606
     632
     651
     628
     652
     606
     683
     634
     657
     615
     615
     720
     683
     672
     665
     673
     629
     648
     661
     652
     608
     623
     674
     683
     649
     631
     669
     669
     672
     660
     627
     701
     711
     670
     669
     630
     663
     645
     661
     639
     684
     651
     610
     671
     681
     647
     688
     624
     728
     674
     625
     643
     725
     688
     668
     716
     676
     679
     687
     690
     650
     683
     664
     693
     658
     685
     686
     656
     661
     649
     659
     730
     703
     680
     698
     696
     741
     722
     702
     686
     676
     736
     705
     707
     722
     718
     685
     713
     704
     702
     681
     736
     694
     679
     738
     685
     688
     743
     681
     743
     699
     715
     704
     665
     698
     707
     739
     662
     725
     725
     643
     679
     733
     751
     710
     688
     715
     747
     697
     730
     735
     743
     740
     707
     777
     740
     705
     748
     763
     744
     724
     705
     787
     698
     703
     714
     755
     766
     784
     734
     745
     705
     735
     738
     740
     762
     751
     788
     771
     738
     748
     742
     733
     760
     771
     799
     757
     719
     761
     791
     794
     705
     773
     685
     731
     733
     782
     743
     816
     756
     740
     787
     745
     750
     760
     780
     751
     761
     799
     788
     705
     815
     773
     788
     776
     791
     785
     757
     790
     807
     746
     806
     796
     762
     754
     734
     802
     781
     792
     804
     782
     742
     814
     802
     793
     809
     751
     792
     774
     780
     765
     783
     801
     838
     754
     777
     727
     769
     759
     731
     756
     806
     730
     742
     788
     749
     730
     790
     757
     707
     723
     759
     743
     748
     759
     748
     650
     764
     747
     694
     702
     733
     717
     681
     692
     713
     729
     654
     691
     670
     665
     654
     708
     674
     686
     625
     751
     621
     695
     609
     671
     659
     608
     574
     610
     614
     612
     591
     585
     593
     562
     613
     608
     628
     571
     623
     584
     552
     551
     596
     543
     580
     562
     550
     565
     583
     518
     545
     528
     535
     536
     590
     541
     494
     531
     517
     492
     554
     516
     488
     501
     479
     562
     483
     505
     536
     445
     523
     488
     520
     505
     503
     466
     507
     484
     480
     452
     481
     470
     503
     482
     502
     522
     518
     490
     496
     485
     481
     455
     476
     508
     516
     491
     483
     489
     477
     478
     476
     457
     506
     474
     480
     510
     492
     476
     480
     503
     485
     465
     453
     492
     489
     483
     479
     465
     506
     468
     445
     445
     478
     450
     459
     477
     463
     483
     455
     486
     512
     462
     454
     407
     445
     445
     487
     440
     440
     460
     420
     480
     459
     421
     480
     465
     481
     460
     436
     445
     473
     429
     434
     419
     473
     428
     454
     481
     460
     424
     445
     467
     421
     402
     398
     390
     418
     369
     408
     414
     450
     378
     410
     383
     401
     406
     414
     389
     419
     365
     401
     416
     392
     390
     400
     357
     416
     363
     368
     381
     373
     356
     351
     407
     385
     379
     363
     368
     371
     364
     388
     375
     378
     378
     357
     399
     398
     400
     433
     431
     429
     471
     460
     461
     529
     501
     483
     516
     546
     587
     641
     592
     615
     606
     672
     675
     680
     778
     739
     806
     787
     846
     813
     857
     879
     955
    1011
     994
    1070
    1074
    1106
    1192
    1206
    1155
    1253
    1361
    1347
    1339
    1469
    1389
    1511
    1499
    1634
    1598
    1604
    1593
    1710
    1720
    1724
    1782
    1827
    1733
    1831
    1796
    1869
    1867
    1937
    1947
    1974
    1951
    1885
    1941
    1953
    1980
    1992
    1968
    2029
    2035
    1962
    1978
    1956
    1938
    1885
    1878
    1845
    1858
    1772
    1777
    1783
    1738
    1787
    1695
    1660
    1590
    1622
    1593
    1560
    1483
    1445
    1338
    1368
    1348
    1237
    1293
    1247
    1172
    1121
    1031
    1008
    1009
     997
     956
     878
     843
     842
     739
     752
     732
     648
     649
     624
     592
     535
     548
     497
     494
     505
     398
     432
     388
     341
     357
     286
     329
     299
     247
     251
     250
     259
     239
     200
     210
     183
     193
     176
     157
     161
     135
     138
     140
     116
     112
     109
     110
     103
      93
     107
     102
     103
      93
     114
     103
      84
      90
     106
     106
      96
     120
     109
      91
     111
     125
     108
     125
     116
     140
     142
     158
     126
     145
     166
     181
     151
     165
     194
     201
     210
     209
     223
     226
     220
     239
     260
     300
     271
     316
     320
     365
     349
     378
     421
     412
     427
     434
     482
     514
     526
     546
     554
     596
     603
     622
     619
     696
     706
     748
     755
     773
     825
     823
     874
     926
     939
     936
    1033
    1002
    1033
    1092
    1102
    1149
    1165
    1252
    1224
    1240
    1264
    1305
    1306
    1299
    1410
    1388
    1410
    1395
    1501
    1463
    1500
    1551
    1567
    1558
    1520
    1579
    1563
    1546
    1547
    1588
    1510
    1610
    1557
    1578
    1594
    1512
    1571
    1562
    1517
    1444
    1502
    1436
    1509
    1429
    1443
    1418
    1423
    1287
    1353
    1257
    1331
    1243
    1255
    1270
    1219
    1232
    1187
    1132
    1052
    1014
    1025
    1000
     987
     920
     852
     836
     784
     799
     787
     765
     751
     695
     669
     632
     608
     611
     542
     548
     538
     505
     517
     467
     467
     414
     366
     394
     338
     339
     320
     311
     338
     289
     240
     233
     231
     196
     190
     176
     200
     167
     173
     151
     147
     132
     141
     115
     125
     108
     105
      91
      89
      97
      76
      77
      83
      69
      65
      57
      71
      80
      58
      46
      55
      46
      61
      46
      47
      44
      42
      38
      41
      42
      43
      39
      34
      40
      25
      48
      34
      43
      44
      44
      37
      39
      36
      23
      35
      34
      35
      31
      22
      39
      25
      26
      40
      27
      35
      35
      31
      31
      34
      22
      37
      22
      29
      26
      28
      28
      26
      26
      24
      33
      21
      32
      23
      37
      21
      35
      30
      25
      26
      24
      28
      17
      27
      29
      19
      24
      29
      21
      28
      27
      28
      31
      32
      15
      23
      19
      32
      25
      37
      23
      20
      28
      22
      31
      21
      19
      25
      32
      39
      30
      22
      26
      25
      22
      20
      20
      28
      28
      34
      26
      35
      22
      32
      24
      23
      23
      23
      27
      32
      27
      21
      23
      30
      18
      23
      24
      29
      29
      22
      24
      21
      13
      28
      18
      28
      19
      19
      18
      23
      29
      12
      23
      20
      24
      25
      27
      29
      19
      23
      28
      17
      22
      24
      23
      27
      17
      26
      21
      27
      13
      24
      35
      24
      25
      26
      20
      25
      33
      20
      21
      20
      32
      29
      19
      22
      24
      25
      29
      20
      27
      30
      18
      20
      17
      19
      31
      18
      32
      21
      32
      24
      24
      25
      27
      18
      27
      33
      22
      20
      14
      18
      26
      18
      25
      21
      21
      20
      25
      21
      23
      30
      20
      22
      18
      22
      18
      25
      18
      20
      24
      19
      22
      21
      27
      31
      22
      16
      25
      20
      23
      20
      21
      29
      23
      19
      19
      15
      13
      29
      21
      26
      19
      20
      23
      16
      19
      25
      30
      22
      19
      28
      21
      18
      28
      25
      17
      21
      15
      11
      21
      15
      25
      16
      19
      27
      23
      16
      24
      16
      13
      18
      17
      18
      25
      23
      15
      19
      17
      20
      14
      17
      16
      21
      14
      21
      26
      26
      19
      17
      14
      20
      17
      18
      20
      16
      17
      13
      16
      19
      16
      23
      17
      14
      18
      22
      20
      19
      13
      12
       8
      11
      19
      19
      16
      13
      15
      17
      21
      17
      16
      22
      15
      16
      12
       9
      16
      16
      17
      20
      10
      10
       4
       3
       8
       3
       2
       3
       5
       3
       3
       3
       2
       4
       1
       3
       2
       1
       1
       2
       2
       2
       1
       2
       4
       0
       1
       1
       2
       1
       2
       0
       1
       0
       2
       0
       0
       0
       0
       2
       1
       0
       2
       1
       0
       0
       3
       0
       0
       0
       0
       0
       0
       0
       0
       0
       0
       0
       0
       1
       0
       0
       0
       0
       0
       0
       0
       0
       0
       0
       0
       0
       0
       0
       0
       0
       0
       0
       0
       0
       0
       0
       0
       0
       0
       0
       0
       0
       0
       0
       0
       0
$ROI:
0
$PRESETS:
Live Time
180
0
$ENER_FIT:
0.000000 0.000000
$MCA_CAL:
3
0.000000E+000 0.000000E+000 0.000000E+000 
$SHAPE_CAL:
3
0.000000E+000 0.000000E+000 0.000000E+000
