$SPEC_ID:
Na-22
$SPEC_REM:
DET# 2
DETDESC# PHY-R11-80 MCB 129
AP# Maestro Version 7.01
$DATE_MEA:
11/16/2018 16:26:06
$MEAS_TIM:
1120 1121
$DATA:
0 2047
       0
       0
       1
       2
     120
      73
      52
      94
      62
      78
      63
      72
      81
      73
      82
      77
      91
      89
      73
     106
      87
     100
      90
      92
     101
     123
      94
     104
     119
     106
     117
     121
     139
     149
     128
     138
     136
     148
     125
     122
     132
     154
     151
     163
     177
     180
     152
     153
     167
     168
     188
     210
     237
     222
     209
     220
     220
     223
     218
     239
     232
     263
     252
     262
     309
     308
     278
     316
     311
     351
     334
     371
     361
     362
     360
     375
     370
     398
     432
     406
     473
     461
     492
     564
     567
     576
     606
     622
     689
     634
     684
     659
     672
     643
     589
     588
     582
     564
     552
     562
     551
     566
     519
     570
     582
     562
     529
     552
     555
     530
     518
     481
     477
     513
     503
     477
     505
     482
     486
     472
     447
     498
     468
     479
     466
     492
     465
     449
     451
     413
     490
     486
     445
     427
     425
     441
     418
     453
     454
     429
     461
     451
     450
     441
     387
     431
     410
     423
     404
     431
     423
     393
     427
     377
     367
     382
     414
     387
     400
     420
     401
     378
     376
     377
     364
     345
     360
     357
     377
     366
     329
     359
     327
     375
     363
     320
     329
     345
     334
     326
     333
     352
     346
     317
     331
     318
     353
     325
     319
     340
     299
     322
     287
     298
     311
     296
     277
     287
     280
     274
     270
     262
     286
     295
     269
     268
     248
     287
     274
     252
     251
     247
     247
     274
     230
     228
     261
     278
     271
     264
     254
     262
     273
     244
     205
     244
     240
     242
     234
     227
     238
     196
     221
     216
     219
     202
     228
     230
     229
     243
     210
     190
     224
     175
     201
     218
     212
     204
     183
     238
     195
     180
     208
     167
     209
     203
     176
     194
     193
     199
     183
     177
     175
     171
     178
     163
     192
     182
     159
     180
     173
     184
     172
     175
     182
     191
     191
     181
     177
     184
     200
     177
     200
     188
     206
     202
     189
     151
     133
     192
     164
     158
     193
     146
     149
     159
     125
     125
     132
     130
     131
     136
     154
     138
     143
     131
     122
     131
     134
     119
     140
     113
     124
     116
     127
     100
     121
     107
     121
      98
     107
      96
     116
     110
      92
     105
     104
     128
     101
     105
     108
      95
     112
     112
      98
      98
      84
     106
     107
      98
      88
      91
      94
     106
      86
     124
     104
      91
     101
      86
     108
      88
      95
      81
      69
      86
     103
      90
     103
      94
      90
      98
      87
     107
      75
      86
      75
      57
      80
      77
      70
      89
      79
      80
      77
      73
      81
      83
      74
      92
      66
      64
      53
      68
      82
      74
      79
      85
      77
      82
      79
      62
      71
      87
      76
      79
      85
      73
      85
      81
      73
      81
      60
      76
      77
      68
      65
      83
      77
      63
      71
      81
      81
      60
      67
      68
      61
      66
      67
      72
      59
      76
      60
      72
      75
      70
      65
      59
      63
      81
      72
      65
      60
      51
      55
      61
      55
      56
      56
      58
      56
      52
      54
      66
      53
      52
      44
      57
      55
      50
      52
      33
      56
      42
      42
      42
      53
      47
      52
      45
      46
      42
      42
      42
      50
      42
      42
      45
      44
      47
      41
      39
      39
      45
      37
      44
      41
      40
      35
      32
      44
      33
      45
      27
      46
      30
      36
      41
      42
      52
      45
      43
      36
      39
      42
      31
      43
      37
      50
      39
      31
      33
      28
      40
      32
      31
      40
      48
      44
      29
      33
      39
      40
      39
      38
      38
      31
      39
      31
      45
      26
      34
      40
      36
      24
      30
      26
      29
      32
      30
      40
      31
      38
      37
      29
      33
      33
      26
      33
      43
      40
      29
      24
      32
      31
      33
      38
      34
      43
      35
      27
      27
      37
      36
      32
      46
      35
      22
      29
      38
      33
      28
      35
      38
      33
      41
      23
      29
      23
      38
      21
      36
      43
      27
      25
      31
      30
      33
      32
      19
      31
      35
      33
      34
      21
      21
      29
      29
      27
      30
      28
      29
      35
      28
      34
      24
      33
      22
      31
      31
      33
      37
      28
      29
      31
      33
      39
      22
      30
      31
      33
      35
      29
      26
      23
      26
      29
      25
      30
      22
      25
      29
      34
      32
      28
      32
      27
      23
      31
      28
      34
      21
      23
      32
      31
      27
      35
      23
      17
      21
      23
      22
      20
      23
      22
      23
      17
      24
      27
      28
      29
      25
      22
      21
      23
      26
      31
      24
      26
      23
      25
      24
      28
      17
      12
      19
      23
      24
      25
      28
      27
      28
      25
      27
      20
      19
      21
      24
      34
      31
      32
      22
      28
      32
      32
      22
      20
      35
      28
      32
      22
      39
      37
      20
      19
      25
      29
      25
      21
      33
      27
      25
      22
      32
      30
      26
      23
      31
      25
      32
      26
      27
      20
      25
      30
      36
      23
      19
      20
      29
      20
      13
      21
      20
      19
      32
      27
      37
      22
      17
      26
      23
      23
      14
      17
      21
      28
      21
      24
      19
      27
      15
      11
      18
      12
      31
      15
      25
      14
      18
      16
      29
      23
      12
      12
      16
      18
      18
      14
      16
      21
      27
      19
      22
      14
      15
      17
      15
      21
      11
      17
      22
      19
      21
      12
      28
      10
      25
      20
      20
      15
      12
      12
      16
      20
      10
      19
      20
      17
      19
      18
      16
      12
      20
      19
      14
      16
      13
      18
      12
      11
      17
      26
      14
      13
      16
      16
      14
      12
      13
      20
      12
       8
      18
      18
      13
      17
      14
      12
      10
      19
      15
      18
      15
      17
      12
      11
      10
       8
      14
      12
      11
      15
      10
       9
      10
      11
      12
      10
      16
      12
      12
      15
      13
       6
      10
      20
      10
      11
      15
      14
      12
      13
       9
      18
       8
      11
      12
      10
      10
      16
      13
      12
      13
      10
      12
      13
      16
      15
      15
      12
       5
      10
      13
      16
      15
       8
      11
       9
      11
      10
      21
      12
      14
       9
      12
      14
      14
      15
       7
       9
      10
       7
      12
      10
       8
      10
      14
       6
      19
      21
      14
       8
      13
      10
       7
      17
       8
       8
       8
       9
      14
      13
      10
       7
       8
      14
      13
      12
      12
      18
      14
      15
      10
       8
      13
      13
       9
       9
      11
      10
      13
      13
       8
      17
      14
      11
      13
      11
       8
       8
       8
      14
      16
       9
      12
      10
       9
       8
      11
      12
      10
      13
      19
      10
       7
      15
      10
      10
       8
       5
       6
       8
       9
      16
       7
       9
       8
       8
       7
      12
       9
      11
       7
      10
       9
      12
       7
       8
       9
      16
       5
      11
      10
      11
      11
      11
       7
      10
       7
       7
      12
       9
       7
      19
       8
      11
      10
       9
      10
      14
       8
       9
       7
      14
      11
       7
       6
      16
      10
       4
      15
      14
      14
       7
      10
      10
       8
       8
      10
      10
      13
      13
       9
      14
       9
      10
      15
       7
       6
      11
       8
      11
       8
      10
      18
       7
      14
      11
       7
      13
      11
      16
      15
       6
      12
       8
       8
       8
      14
      13
      15
      14
      13
      12
       9
       7
      12
       9
      13
      11
      16
      10
      11
      14
      14
      13
      11
      12
      13
       7
       6
       9
      14
       9
       4
       9
       9
      13
      14
       9
      14
      10
       8
       7
      13
      14
      10
      12
      10
       7
       8
       6
       9
      13
      12
      10
      10
       9
       7
      12
       5
      14
       8
      13
       6
       9
       3
      12
      13
       9
      14
       9
       9
       9
       7
       7
      14
      11
       7
      10
      12
      12
      17
       9
       6
      10
      11
       9
      11
      10
       5
       9
       8
      12
       9
      12
       8
      15
       7
      13
       8
       5
      10
       8
       8
      17
       9
       5
      10
      12
       4
      13
       5
      11
      11
       7
       9
       6
       5
       6
       7
       5
       4
       9
       6
       2
       6
       7
       9
       4
      11
       5
       7
       2
       8
       9
       7
       6
       1
       5
       7
       5
       5
       6
      11
       8
       4
       7
       8
       7
       3
       6
       7
       5
       8
       3
       9
      11
       8
       9
       7
       6
       8
       6
       8
       5
      10
       7
       7
       6
      13
       9
       7
       7
       8
       5
       6
       3
       5
       4
       2
       5
       6
      10
       7
       9
      10
      15
       6
       5
       4
       9
       7
       7
      11
       7
       5
       7
       8
      12
       7
       6
       7
       6
       9
       6
       3
      10
      10
       7
       9
       6
      12
       8
       8
       9
       4
       4
      11
      10
      11
       9
       5
       9
       8
      11
       5
      10
      11
       7
       8
       8
       9
       9
      12
       3
       6
       6
      11
      10
       8
       8
      15
       9
       5
       7
      10
       8
       6
      12
      11
      10
       9
       8
       7
      11
       8
       6
       7
       4
       6
      10
       4
      11
       6
       8
       4
      12
       5
       6
       4
       8
       6
       6
       7
       5
       7
       9
       9
      12
       8
      10
      11
       3
       5
       5
       5
      14
       3
       8
       7
       5
       8
       7
       8
       9
       5
       3
      12
       7
       8
       7
       3
       7
       7
       9
       4
       5
       4
       5
       1
       6
       6
       5
       3
       4
       8
       5
       5
       6
       6
       5
       7
       5
       3
       9
       3
       7
       5
       4
       5
       4
       6
       5
       5
       8
       5
      12
       8
       9
       7
       2
       5
       5
       4
       9
       6
       7
       4
       7
       6
       7
       6
       6
       5
       6
       5
      10
      10
       7
       3
       3
       5
       4
       3
       8
       7
       4
       3
       5
       5
       6
       3
       6
       3
       5
       5
       5
       2
       6
       6
       4
       3
       5
       8
       4
       3
       4
       5
       6
       3
       2
       3
       3
       2
       3
       7
       0
       3
       2
       6
       6
       8
       5
       3
       1
       7
       3
       1
       3
       1
       7
       4
       3
       2
       2
       7
       7
       1
       5
       9
       8
       5
       7
       3
       1
       3
       3
       3
       4
       6
       7
       3
       1
       3
       5
       8
       1
       3
       3
       3
       5
       4
       3
       4
       3
       0
       3
       3
       5
       2
       2
       4
       3
       3
       0
       4
       2
       3
       5
       3
       2
       2
       6
       2
       5
       6
       1
       2
       2
       5
       3
       2
       6
       4
       2
       5
       2
       6
       7
       0
       2
       2
       2
       2
       1
       2
       3
       4
       1
       3
       5
       1
       1
       5
       5
       3
       4
       0
       3
       3
       3
       3
       5
       2
       3
       6
       7
       0
       3
       1
       5
       3
       1
       6
       2
       0
       4
       2
       4
       1
       5
       5
       1
       6
       7
       4
       0
       1
       5
       4
       5
       4
       1
       5
       3
       2
       4
       1
       2
       7
       5
       3
       2
       5
       2
       1
       6
       4
       3
       4
       3
       3
       1
       4
       3
       5
       5
       6
       5
       4
       4
       2
       3
       4
       7
       4
       7
       2
       4
       5
       6
       4
       7
       2
       4
       4
       3
       3
      11
       4
       3
       7
       4
       7
       7
       5
      10
       0
       6
       8
      10
       5
       8
       6
       6
      11
      10
       7
       9
      10
      10
      10
      10
       7
      13
       8
       7
       9
       9
      11
      12
      10
      12
      14
      13
       5
      16
       8
       8
      11
       8
      11
      20
      13
      10
      12
      12
      14
      12
      10
       9
      17
      11
       9
      14
      13
      15
      20
      13
      10
      13
      10
       8
      12
      12
       5
      14
       5
      10
      10
       5
      10
      15
       6
       7
       6
      11
       8
      14
       3
       5
      14
       5
       8
       5
       9
      10
       9
       5
       4
      10
       5
       5
       8
       6
       4
       6
       6
       5
       8
       5
      10
       1
       1
       7
       3
       4
       5
       4
       4
       2
       4
       1
       4
       3
       0
       5
       5
       3
       4
       2
       1
       5
       3
       3
       1
       3
       3
       2
       3
       2
       3
       3
       5
       3
       2
       2
       7
       5
       3
       1
       0
       1
       1
       3
       5
       0
       1
       0
       5
       2
       4
       3
       1
       4
       0
       2
       1
       1
       2
       2
       1
       0
       0
       2
       2
       1
       0
       3
       3
       1
       2
       2
       1
       2
       2
       1
       0
       4
       2
       1
       4
       3
       2
       3
       3
       1
       4
       3
       4
       0
       4
       1
       1
       0
       1
       2
       0
       2
       2
       1
       3
       2
       3
       3
       2
       5
       3
       1
       1
       2
       2
       4
       3
       3
       1
       2
       2
       2
       3
       2
       1
       3
       2
       2
       1
       1
       1
       1
       1
       1
       3
       3
       2
       2
       0
       3
       3
       1
       2
       0
       3
       0
       1
       4
       1
       2
       1
       1
       2
       2
       1
       1
       1
       0
       1
       0
       1
       1
       0
       0
       1
       1
       0
       0
       1
       2
       2
       1
       1
       0
       1
       1
       1
       1
       0
       4
       1
       2
       0
       5
       1
       2
       2
       1
       3
       3
       2
       4
       2
       2
       2
       2
       2
       2
       2
       3
       1
       1
       2
       2
       1
       0
       1
       2
       3
       0
       1
       1
       2
       1
       0
       1
       1
       1
       3
       2
       2
       1
       3
       1
       0
       2
       0
       2
       1
       0
       0
       1
       1
       0
       0
       0
       1
       0
       0
       0
       0
       0
       0
       0
       0
       0
       0
       0
       0
       0
       0
       0
       0
       0
       0
       0
       0
       0
       0
       0
       0
       0
       0
       0
       0
       0
       0
       0
       0
       0
       0
       0
       0
       0
       0
       0
       0
       0
       0
       0
       0
       0
       0
       0
       0
       0
       0
       0
       0
       0
       0
       0
       0
       0
       0
       0
       0
       0
       0
       0
       0
       0
       0
       0
       0
       0
       0
       0
       0
       0
       0
       0
       0
       0
       0
       0
       0
       0
       0
       0
       0
       0
       0
       0
       0
       0
       0
       0
       0
$ROI:
0
$PRESETS:
None
0
0
$ENER_FIT:
0.000000 0.826957
$MCA_CAL:
3
0.000000E+000 8.269570E-001 0.000000E+000 keV
$SHAPE_CAL:
3
0.000000E+000 0.000000E+000 0.000000E+000
