$SPEC_ID:
Na-22
$SPEC_REM:
DET# 2
DETDESC# PHY-R11-80 MCB 129
AP# Maestro Version 7.01
$DATE_MEA:
11/16/2018 15:15:47
$MEAS_TIM:
600 610
$DATA:
0 2047
       0
       0
      -1
      27
    1083
     907
     898
     924
     879
     953
     913
     904
     938
     884
     942
     990
     938
     963
    1082
    1027
    1134
    1267
    1463
    2009
    2798
    4591
    7955
   13865
   23932
   39628
   59008
   79068
   93527
   96382
   87879
   71282
   53607
   38915
   28307
   21193
   15517
   10910
    7181
    4516
    2867
    1929
    1497
    1281
    1385
    1359
    1416
    1580
    1673
    1922
    2263
    2400
    2828
    3032
    3535
    3658
    3822
    4058
    4018
    4008
    3681
    3321
    3063
    2699
    2475
    2439
    2482
    2543
    2919
    3033
    3437
    3626
    3708
    3910
    3715
    3642
    3517
    3349
    3374
    3358
    3399
    3579
    3768
    4232
    4927
    5980
    7111
    8499
   10359
   12819
   15541
   18303
   21072
   23455
   25266
   25873
   25753
   24148
   21672
   18409
   15012
   11514
    8598
    6163
    4357
    2972
    2214
    1617
    1258
    1063
     958
     924
     866
     871
     887
     826
     875
     892
     944
     916
     977
     903
    1009
    1029
    1008
    1096
    1090
    1170
    1265
    1244
    1369
    1500
    1567
    1744
    1785
    1892
    1923
    1952
    2046
    1986
    1973
    1790
    1662
    1608
    1477
    1410
    1261
    1243
    1147
    1069
    1092
    1087
    1093
     996
     973
     925
    1001
    1060
    1057
    1043
    1170
    1107
    1139
    1076
    1150
    1213
    1176
    1225
    1249
    1266
    1259
    1339
    1397
    1338
    1414
    1330
    1438
    1410
    1461
    1529
    1562
    1510
    1578
    1536
    1528
    1648
    1653
    1612
    1736
    1713
    1672
    1631
    1641
    1690
    1679
    1608
    1506
    1528
    1510
    1458
    1363
    1351
    1370
    1337
    1287
    1271
    1281
    1252
    1195
    1160
    1226
    1202
    1185
    1103
    1092
    1129
    1194
    1128
    1136
    1041
    1157
    1132
    1031
    1099
    1049
    1045
    1042
    1054
    1055
    1022
    1009
     985
    1010
     934
     922
     884
     924
     871
     859
     809
     886
     722
     777
     756
     788
     648
     690
     813
     703
     734
     674
     719
     703
     672
     722
     675
     646
     589
     655
     675
     656
     637
     626
     658
     621
     621
     613
     616
     554
     611
     544
     552
     509
     524
     509
     509
     477
     480
     495
     514
     477
     430
     403
     453
     421
     448
     411
     390
     394
     412
     402
     397
     428
     392
     410
     397
     396
     381
     392
     405
     395
     443
     455
     471
     490
     521
     584
     610
     648
     675
     759
     762
     867
     942
     984
    1168
    1087
    1140
    1154
    1248
    1392
    1333
    1338
    1403
    1475
    1471
    1486
    1460
    1430
    1497
    1586
    1562
    1599
    1581
    1620
    1718
    1650
    1752
    1733
    1737
    1878
    1923
    2016
    2036
    2136
    2239
    2280
    2386
    2380
    2380
    2426
    2634
    2635
    2643
    2684
    2761
    2728
    2728
    2845
    2797
    2796
    2681
    2748
    2614
    2591
    2539
    2414
    2273
    2213
    2157
    2054
    1932
    1721
    1694
    1608
    1448
    1316
    1341
    1190
    1078
    1015
    1009
     982
     933
     936
     883
     967
    1052
    1103
    1121
    1206
    1329
    1454
    1573
    1728
    1966
    2129
    2408
    2536
    2746
    3085
    3287
    3589
    3803
    3944
    4318
    4556
    4816
    5044
    5189
    5382
    5705
    5846
    6004
    6292
    6460
    6503
    6568
    6589
    6695
    6845
    6830
    6753
    6997
    6907
    6623
    6516
    6372
    6216
    6096
    5891
    5768
    5527
    5177
    4986
    4718
    4412
    4358
    4048
    3785
    3539
    3324
    3179
    3005
    2833
    2647
    2467
    2354
    2281
    2140
    2020
    2028
    1727
    1795
    1767
    1679
    1633
    1572
    1582
    1530
    1437
    1430
    1414
    1308
    1364
    1271
    1232
    1172
    1129
    1113
    1043
    1007
     952
     877
     878
     814
     773
     690
     688
     602
     552
     554
     509
     426
     416
     363
     383
     343
     326
     296
     280
     303
     237
     212
     216
     246
     196
     202
     197
     212
     192
     187
     175
     186
     220
     224
     221
     196
     226
     220
     227
     226
     263
     233
     230
     237
     237
     259
     237
     268
     249
     253
     256
     272
     211
     301
     256
     245
     256
     267
     236
     263
     258
     247
     251
     211
     214
     230
     229
     215
     183
     174
     161
     191
     145
     148
     144
     118
     115
     104
     113
      67
      64
      88
      67
      52
      52
      44
      62
      51
      47
      25
      42
      35
      31
      31
      35
      14
      23
      24
      30
      20
      20
      36
      28
      34
      21
      23
      17
      23
      23
      27
      20
      25
      21
      24
      19
      20
      25
      22
       5
      21
      15
      18
      23
       7
      10
      11
       9
      16
      18
      10
       5
      18
       5
       9
      13
      29
      17
       8
      12
      12
      21
       7
      16
      15
      11
      13
       8
      12
      20
       6
       9
      15
       9
      15
       2
       8
       9
      15
       7
       8
       1
       7
       8
       5
       7
       4
       6
       4
       6
      13
      12
       7
      15
      16
      11
      11
       3
       9
      15
       6
       0
       7
       9
      11
      17
      16
       5
      17
      23
      13
      17
       9
      10
       3
      14
       8
       3
       8
      13
      13
      14
      13
       7
      11
      -3
      14
       6
       3
       9
       8
      10
       4
       3
      -1
       8
       4
       7
      15
       8
       9
      11
      13
      15
      23
       3
       9
      14
       5
       3
       1
      18
       1
      10
       4
       5
      12
       3
       6
       4
       2
      12
      10
      14
      11
       4
      22
       8
      16
       9
      10
       3
      -3
       9
       9
       6
       5
      15
      22
      -1
      15
       1
      10
       1
       5
       5
      12
      11
      10
      18
       4
      13
       9
      16
      13
       8
      10
       3
      13
       7
      13
      13
      10
      10
      16
       9
      10
      14
      16
      20
      14
      16
      18
       5
      21
      16
       3
      13
       6
      17
       9
      23
       9
      12
       6
      17
      17
      15
      10
      13
      14
      11
      -1
      13
       6
       9
      10
      11
      14
      13
      16
      11
      17
      10
       6
      10
      13
      -4
       6
      13
       7
       5
      10
      11
       6
       9
      15
      12
      11
       1
       9
      11
       2
       4
      10
      10
       7
       7
       0
       2
      12
       2
      11
      16
       0
       5
      10
       7
       6
       5
       3
      11
       8
       6
       9
      12
       6
       5
       4
       8
       4
       4
       8
       6
       5
       2
       4
       5
      11
      -2
      13
       5
       4
      14
      16
       3
      -1
       7
       2
       8
       9
      -1
      10
       9
       7
       0
       7
       6
       6
       4
       9
       4
      12
       7
       8
       8
       2
       6
       4
       2
       8
       2
       6
      12
      10
      11
      10
      11
       7
       5
      12
      10
       2
       8
       5
      -2
       8
       7
       5
       9
      12
       0
       9
       2
      17
      15
       4
       4
       7
      11
      11
       8
       2
       8
       9
      -2
       4
       8
       5
      11
       8
      -1
       9
       8
       1
       9
       4
       1
       8
       2
       8
      -1
       6
       6
       3
      10
       4
       0
      -3
       4
       7
       6
       7
       7
      -1
       4
       4
       3
       2
      11
       1
       4
       9
       1
      13
      10
      15
       6
       4
       7
       4
       4
       8
       8
      11
      12
      10
       5
       4
       4
       3
       3
       7
      10
      10
       0
       3
       8
       7
       5
       7
       7
      12
      -1
       3
       4
       1
       3
       8
       1
       5
       1
       9
      10
       3
       4
       4
       8
       8
       6
       6
       7
       8
       2
      12
       3
       0
       6
       8
       6
       0
       7
       3
       8
       6
       6
       6
      10
      10
       6
       4
       1
      -2
       4
       9
       7
       8
       3
       4
       5
       1
       7
       6
       9
      12
       8
       7
       6
       3
      16
       0
       9
       6
       7
       0
       5
      -3
       6
       4
       3
       2
       3
       5
      10
       1
       2
       1
       5
       6
      -2
       2
       7
       7
       4
       7
      13
       5
      10
       4
       1
       6
       7
      10
       3
       2
       3
      -2
       9
       8
       5
      11
       0
       6
       4
       3
       4
       5
      10
       2
       2
       3
       3
       0
       3
       1
       3
       6
       4
       1
       2
       8
      -1
       9
       3
       4
       4
       0
       4
       0
       3
       5
       4
       2
       9
       9
       0
       4
       3
      -2
       5
       8
       2
       2
       5
       2
       0
       7
       1
       1
       4
       2
       4
       4
       2
       5
       1
       5
       3
       2
       5
       5
      -2
      -2
       5
       4
       0
      11
      -2
       6
       1
       3
       4
       5
       5
       3
       6
       5
       5
       6
       4
       0
      10
       4
       0
       2
      10
       1
       7
       0
       8
       3
       1
       1
       5
       4
       4
       0
       3
       7
       2
       3
       8
      11
       0
       3
      -1
       1
       9
       2
       3
       6
       5
       0
       2
       6
       5
       3
       4
       1
       3
       0
       5
      -4
       6
       0
       2
      -1
       3
       1
       6
       1
       4
       1
       5
       4
       2
       7
       5
       3
       5
       2
       5
       9
      -4
       6
       2
       5
       4
       9
       0
      -1
       3
      -1
       1
       7
       4
       8
       6
       7
       2
       0
       0
       6
       1
       0
       1
       3
       3
      -1
      -1
       2
       8
       8
       2
      -1
      -1
       0
       1
       3
       3
      -3
       3
       9
       3
       0
       4
      10
       6
       3
       2
      -3
       4
       0
      -1
       3
       6
       4
       0
       1
      -2
       0
       8
       5
       1
       8
       0
       1
       7
       7
       3
       7
       4
       0
       4
       2
       6
       5
       4
       4
       1
       0
       5
       6
       3
       6
       2
       9
       9
       3
      11
       8
      12
       6
       2
       6
       6
       1
       5
       0
       2
      12
       6
       9
       0
       7
       6
       7
      10
       1
       6
       3
       3
      10
       2
      14
       2
       2
       5
      11
       8
       7
      12
       4
       8
      10
       8
      10
       4
       9
       7
       4
       9
       3
       6
       3
       5
       9
       6
       7
       7
      11
       9
       3
      -2
       9
       7
       6
       5
       4
       5
       8
       6
       2
       4
       6
      -1
       4
       7
       7
       1
       2
       3
       6
       2
       5
       0
      -1
       2
       2
       5
       1
       2
       5
      -2
       2
       4
       3
       0
       1
       5
       5
       1
      -1
       5
       2
       4
       3
       0
       0
       2
       1
       2
       0
      -1
       2
      -1
       1
       1
       0
       2
      -1
       7
       2
       4
      -2
       1
       0
       2
       2
       4
       2
       1
      -2
       0
       1
       3
       1
       0
      -1
      -1
       3
       2
       1
      -2
       3
       0
       1
      -3
       0
       2
       2
       3
       0
       2
       2
      -1
      -1
       0
       0
      -2
       0
       4
       4
       2
       0
       2
      -1
       0
       1
       4
       0
       6
       2
       5
       2
       3
       8
       1
       6
       3
       0
       4
       5
       0
       4
       2
       3
       6
       4
       0
       6
       5
       2
       4
       1
       4
       4
       4
       4
       4
       3
       3
       4
       8
       4
       2
      -2
       6
       6
       3
       5
       4
       0
      13
       2
       6
      12
       8
      12
       7
       4
       1
       5
       2
       2
       2
       5
       9
       4
       3
       6
       3
       5
       8
       7
       6
       2
       9
       1
       1
       7
       7
       4
       0
       7
       2
       6
       2
       5
       3
       2
       2
       7
       5
       3
      -1
       6
       6
       0
       5
       0
      -2
       5
       3
       3
       2
       3
       3
       5
       2
       4
       2
       5
       2
       1
       1
       1
       1
       1
       2
       2
       0
       2
       0
       2
      -1
       0
       0
      -1
       1
       1
       0
       3
      -1
       1
      -1
       1
       0
       2
       4
       1
      -1
       3
      -3
       2
      -2
       1
      -1
       0
      -2
       2
       0
       3
      -1
      -1
      -2
      -1
       2
       0
       1
      -1
       0
       1
      -2
       0
       0
       3
      -1
       4
      -1
       0
       4
      -4
       0
      -1
      -1
      -2
       1
      -1
       2
      -1
      -4
       4
      -1
      -2
       0
      -2
       1
       1
       1
      -2
      -2
       0
      -4
       1
       1
       0
       6
      -2
      -2
       1
       1
      -1
      -1
       6
      -1
       5
       3
      -6
       1
       1
       2
      -3
       3
      -3
      -4
       1
      -1
       5
       1
       0
       1
       2
       0
       4
      -4
      -1
       3
       1
      -3
       3
      -1
       0
       0
       0
      -2
       4
       2
      -2
      -1
      -1
       2
      -2
      -1
      -1
       0
       0
      -4
       0
       0
       1
       1
       1
      -1
      -1
      -1
      -3
      -1
      -1
       1
       1
      -4
       0
      -1
      -1
       1
      -1
      -1
       0
       1
       2
      -1
       3
      -2
       2
       1
       0
       0
       1
      -1
       0
      -2
      -1
      -2
      -1
       1
       0
       0
      -2
       0
      -3
      -1
       1
       1
      -3
      -2
      -1
      -1
       0
       2
       0
       0
      -2
       0
       0
       1
       0
       0
      -2
      -1
       0
      -2
       1
       0
       2
       1
      -1
      -1
       1
       0
       1
      -1
       0
       1
       1
      -2
      -2
       0
       1
       0
       0
      -1
       0
       0
       3
      -1
       0
       2
      -1
      -1
       1
      -1
      -1
       1
      -1
      -2
      -2
       0
       0
       0
       0
       3
       2
       0
       1
       0
      -1
      -1
      -2
      -1
      -1
      -2
       1
      -3
      -2
       0
       0
       1
       0
      -1
      -2
      -2
      -1
      -1
      -1
      -1
       0
      -1
      -1
      -1
       0
       2
      -1
       0
      -1
      -1
       0
       0
      -2
      -2
       2
      -1
       0
      -2
      -2
      -1
      -1
       3
      -1
       2
      -1
      -2
       0
      -1
      -1
      -1
      -1
       0
      -1
       0
       0
       0
       0
       1
      -1
       0
       1
       1
      -1
       0
       0
       0
      -1
       0
      -1
       0
      -1
       1
       1
      -1
      -1
      -1
       0
      -2
       1
      -1
       0
      -3
       0
      -1
       0
      -1
      -2
      -1
       1
       0
      -1
      -1
      -1
      -1
       0
      -1
       0
      -2
       0
      -1
       0
       0
      -1
       0
       0
      -1
      -1
       2
      -1
       0
      -1
       0
       0
      -1
       0
       1
      -2
      -1
       0
       0
      -2
       0
       1
      -1
       0
       1
      -1
       2
       2
       1
      -1
       1
       2
       2
      -1
       3
       0
       0
       0
       0
       0
       0
       0
       0
       0
       0
       0
       0
       0
       0
       0
       0
       0
       0
       0
       0
       0
       0
       0
       0
       0
       0
       0
       0
       0
       0
       0
       0
       0
       0
       0
       0
       0
       0
       0
       0
       0
       0
       0
       0
       0
       0
       0
       0
       0
       0
       0
       0
       0
       0
       0
       0
       0
       0
       0
       0
       0
       0
       0
       0
       0
       0
       0
       0
       0
       0
       0
       0
       0
       0
       0
       0
       0
       0
       0
       0
       0
       0
       0
       0
       0
       0
       0
       0
       0
       0
       0
$ROI:
0
$PRESETS:
Live Time
600
0
$ENER_FIT:
0.000000 0.000000
$MCA_CAL:
3
0.000000E+000 0.000000E+000 0.000000E+000 
$SHAPE_CAL:
3
0.000000E+000 0.000000E+000 0.000000E+000
