$SPEC_ID:
Na-22
$SPEC_REM:
DET# 2
DETDESC# PHY-R11-80 MCB 129
AP# Maestro Version 7.01
$DATE_MEA:
11/16/2018 12:17:24
$MEAS_TIM:
180 181
$DATA:
0 2047
       0
       0
       0
      14
     325
     248
     229
     224
     221
     223
     253
     200
     257
     233
     237
     247
     254
     249
     246
     251
     231
     230
     246
     257
     239
     246
     249
     278
     251
     253
     261
     244
     286
     257
     242
     242
     256
     269
     261
     264
     254
     246
     232
     260
     237
     275
     251
     312
     291
     239
     283
     278
     283
     236
     263
     251
     284
     285
     294
     298
     269
     231
     256
     261
     266
     272
     263
     284
     270
     277
     252
     265
     266
     295
     284
     280
     318
     257
     289
     270
     306
     288
     287
     307
     319
     333
     341
     341
     412
     373
     348
     367
     345
     376
     400
     386
     337
     303
     340
     285
     341
     339
     335
     332
     325
     335
     334
     263
     301
     326
     301
     307
     304
     250
     273
     293
     252
     310
     249
     256
     266
     303
     286
     316
     291
     260
     259
     295
     296
     304
     301
     260
     271
     314
     319
     320
     307
     309
     303
     277
     313
     304
     280
     279
     287
     282
     276
     276
     307
     275
     282
     291
     283
     334
     305
     306
     283
     309
     317
     314
     303
     302
     287
     306
     304
     317
     323
     318
     275
     316
     343
     298
     344
     322
     304
     349
     313
     338
     281
     322
     322
     325
     267
     323
     327
     303
     318
     303
     340
     318
     353
     305
     379
     338
     323
     339
     344
     373
     354
     362
     367
     352
     417
     383
     417
     426
     402
     439
     443
     442
     442
     413
     481
     479
     443
     460
     456
     410
     425
     466
     462
     465
     465
     405
     467
     462
     404
     422
     431
     394
     437
     398
     374
     403
     402
     428
     418
     383
     359
     383
     416
     362
     378
     416
     396
     411
     447
     410
     368
     358
     388
     373
     363
     387
     376
     376
     357
     401
     348
     370
     366
     386
     338
     377
     411
     319
     400
     380
     395
     354
     376
     324
     362
     346
     336
     330
     347
     349
     344
     319
     305
     385
     340
     353
     310
     321
     339
     344
     295
     332
     304
     367
     307
     325
     323
     351
     277
     320
     306
     339
     295
     316
     314
     320
     308
     296
     311
     292
     310
     323
     280
     280
     325
     320
     331
     311
     298
     268
     280
     303
     287
     271
     252
     306
     289
     296
     252
     316
     289
     297
     311
     310
     278
     295
     261
     276
     268
     275
     271
     273
     315
     299
     282
     269
     272
     272
     275
     290
     301
     305
     300
     266
     268
     286
     292
     264
     269
     269
     269
     275
     264
     284
     248
     245
     269
     283
     256
     298
     257
     289
     314
     234
     280
     265
     277
     255
     257
     274
     261
     266
     255
     254
     273
     251
     238
     256
     215
     230
     225
     228
     193
     191
     200
     214
     216
     233
     194
     215
     175
     182
     169
     162
     188
     161
     160
     151
     170
     170
     144
     141
     141
     134
     160
     134
     138
     146
     122
     131
     136
     127
     122
     112
     116
     127
      97
     113
     103
     110
     102
     111
      90
      98
     103
     102
     100
     106
      92
     116
      99
     104
      97
      88
      91
     100
     115
      99
     102
      99
      83
      96
     106
     104
      96
      83
      89
      89
      84
      81
      91
      84
      72
      79
      86
      82
      84
      81
      73
      93
      84
      86
      69
      78
      80
      66
      73
      71
      89
      68
      77
     101
      71
      78
      62
      82
      72
      83
      73
      71
      61
      65
      66
      79
      78
      70
      76
      56
      66
      55
      67
      75
      90
      63
      82
      53
      68
      64
      78
      87
      67
      45
      76
      62
      73
      57
      72
      60
      61
      72
      73
      73
      62
      67
      78
      78
      74
      68
      67
      79
      63
      71
      70
      69
      53
      64
      78
      47
      61
      72
      70
      58
      82
      76
      71
      69
      72
      84
      72
      79
      71
      79
      85
      92
     113
     106
     126
     101
     144
     147
     150
     133
     187
     178
     220
     240
     241
     291
     311
     318
     320
     373
     412
     411
     463
     516
     591
     576
     610
     639
     772
     780
     820
     858
     882
     962
    1030
    1117
    1116
    1233
    1250
    1272
    1424
    1356
    1364
    1558
    1630
    1646
    1680
    1746
    1776
    1755
    1875
    1852
    1870
    1894
    1836
    1964
    2037
    1909
    1837
    1848
    1855
    1807
    1774
    1778
    1695
    1749
    1614
    1629
    1618
    1471
    1416
    1320
    1259
    1266
    1180
    1140
     972
     990
     875
     858
     797
     736
     680
     617
     580
     518
     425
     394
     396
     355
     349
     255
     284
     227
     235
     173
     160
     142
     130
     120
     102
     105
     108
      88
      80
      64
      74
      55
      68
      58
      70
      57
      52
      53
      63
      48
      53
      49
      40
      52
      40
      44
      55
      50
      56
      40
      39
      49
      24
      44
      32
      40
      40
      25
      46
      33
      43
      37
      42
      51
      44
      40
      44
      49
      56
      52
      41
      35
      57
      52
      38
      28
      36
      39
      43
      38
      39
      57
      46
      33
      51
      44
      42
      43
      41
      38
      41
      40
      44
      39
      44
      35
      46
      45
      34
      30
      37
      44
      39
      39
      43
      52
      45
      39
      48
      45
      48
      46
      46
      45
      43
      37
      56
      35
      42
      45
      51
      42
      36
      42
      53
      39
      44
      64
      57
      41
      53
      52
      36
      36
      45
      45
      25
      40
      50
      26
      57
      38
      39
      31
      40
      46
      46
      44
      34
      44
      38
      48
      41
      44
      52
      48
      50
      46
      41
      38
      40
      31
      46
      43
      42
      37
      41
      48
      37
      51
      28
      49
      47
      47
      52
      38
      49
      45
      47
      46
      43
      56
      44
      45
      30
      45
      34
      54
      56
      33
      49
      51
      52
      55
      40
      48
      48
      41
      41
      34
      44
      42
      49
      49
      43
      52
      52
      60
      60
      49
      52
      57
      46
      42
      54
      58
      44
      62
      42
      44
      45
      45
      48
      40
      44
      54
      56
      41
      47
      54
      40
      54
      47
      45
      50
      41
      39
      49
      43
      47
      43
      52
      33
      39
      53
      46
      37
      40
      48
      33
      44
      41
      38
      40
      43
      42
      43
      54
      34
      39
      42
      41
      43
      57
      55
      40
      51
      56
      36
      36
      46
      53
      50
      49
      55
      53
      58
      37
      40
      55
      46
      58
      46
      53
      41
      40
      52
      51
      55
      42
      39
      51
      61
      53
      48
      44
      43
      47
      55
      42
      49
      53
      60
      48
      47
      36
      47
      61
      34
      45
      41
      41
      44
      42
      53
      36
      45
      42
      44
      59
      45
      49
      45
      46
      66
      48
      43
      39
      47
      51
      38
      48
      39
      44
      47
      58
      38
      48
      49
      52
      49
      37
      42
      66
      46
      41
      48
      42
      53
      50
      51
      45
      33
      43
      41
      50
      54
      56
      42
      41
      34
      45
      48
      41
      51
      44
      42
      49
      43
      44
      43
      43
      44
      44
      35
      57
      47
      51
      39
      53
      45
      42
      32
      44
      51
      44
      75
      55
      55
      46
      37
      53
      55
      64
      50
      60
      47
      53
      48
      47
      47
      41
      51
      50
      46
      60
      42
      55
      38
      38
      56
      56
      53
      45
      45
      52
      54
      40
      38
      58
      55
      47
      46
      45
      46
      51
      40
      46
      52
      63
      46
      45
      58
      38
      49
      53
      51
      46
      56
      52
      54
      55
      71
      52
      41
      50
      52
      56
      53
      46
      55
      37
      53
      61
      50
      42
      57
      47
      55
      48
      42
      49
      44
      56
      61
      47
      45
      50
      52
      52
      47
      36
      49
      54
      52
      53
      54
      51
      53
      55
      41
      59
      53
      50
      48
      56
      53
      46
      56
      59
      56
      58
      50
      54
      45
      48
      52
      53
      60
      67
      48
      53
      49
      61
      48
      52
      54
      63
      49
      64
      52
      61
      56
      54
      62
      56
      53
      62
      65
      75
      57
      51
      58
      49
      62
      52
      57
      67
      50
      54
      65
      66
      58
      48
      57
      68
      76
      49
      54
      73
      59
      62
      64
      43
      45
      64
      48
      47
      65
      68
      64
      67
      51
      61
      53
      70
      44
      57
      51
      48
      46
      51
      42
      31
      44
      45
      56
      47
      46
      41
      41
      56
      45
      58
      53
      46
      50
      47
      43
      37
      53
      48
      52
      43
      51
      40
      46
      39
      38
      43
      41
      39
      45
      44
      28
      28
      29
      34
      40
      34
      22
      33
      24
      22
      29
      33
      29
      30
      28
      25
      16
      30
      30
      30
      25
      23
      27
      19
      18
      20
      30
      13
      23
      13
      19
      19
      21
      25
      18
      17
      15
      14
      24
      11
      23
      15
      21
      20
      20
      17
      15
      13
      18
      13
      15
      17
      15
      28
      13
      15
      28
       8
      10
      12
      14
       6
      15
      12
      22
       7
      13
      15
       7
      18
      12
      19
      11
      16
       7
      17
      12
      13
      21
      12
      12
      13
       5
      11
      13
       9
      13
       6
      15
      15
       5
       9
       8
      11
      11
      10
      11
       7
      13
      10
       6
      16
      17
      15
      10
      10
      18
      11
       3
      24
       5
       9
      11
       9
      14
      10
       5
      10
       8
      12
       5
      12
       8
       8
       6
      12
       9
       6
       9
      13
       7
       7
       3
       6
       6
       7
       2
      11
       8
      10
      13
       8
       9
       6
      13
       8
      11
      13
       7
       7
       3
      14
       6
       4
      11
      11
       9
      11
       5
       9
      15
      10
      13
       7
      11
      12
      12
      10
      13
       8
      14
      17
      11
      13
      18
       8
      12
      16
      13
      16
      21
      36
      22
      21
      18
      27
      30
      25
      32
      34
      46
      28
      28
      44
      32
      31
      36
      50
      51
      51
      58
      69
      61
      65
      49
      93
      81
      53
      94
      99
      73
      99
     100
      94
      96
     113
     115
     126
     119
     120
     114
     127
     129
     117
     145
     162
     166
     161
     161
     175
     197
     161
     182
     179
     204
     200
     166
     192
     199
     186
     192
     221
     206
     202
     222
     207
     213
     209
     180
     210
     222
     210
     223
     219
     185
     210
     221
     236
     243
     212
     218
     209
     189
     204
     200
     212
     189
     204
     205
     190
     177
     168
     162
     172
     163
     162
     168
     153
     155
     138
     140
     130
     144
     134
     106
     128
     119
     102
      92
     106
     119
      94
      95
      91
      83
      86
      82
      77
      70
      70
      65
      70
      73
      55
      61
      49
      38
      43
      33
      34
      54
      36
      36
      42
      27
      35
      29
      23
      20
      30
      34
      19
      19
      15
      19
      17
      22
      13
      15
       8
      16
       9
       7
       8
      14
       8
      11
      14
      13
       8
       6
       9
       7
       1
      12
      11
       4
       5
       7
       2
       9
       4
       2
       3
       4
       7
       3
      10
       7
       7
      10
       9
       5
       5
       4
       6
       8
       5
       2
       7
       5
       2
       5
       6
      14
       6
       6
       5
       3
       1
       4
       1
       7
       6
       9
       3
       1
       4
       8
       9
       8
       5
       6
       4
       4
       5
       8
       4
       4
       6
       4
       7
       9
       7
       6
       4
       7
       2
       9
       3
       9
       7
       5
       3
       4
       3
       5
       4
       5
       6
      10
      12
       3
       4
       4
       4
       2
       6
       5
       6
       2
       1
       8
      10
       1
       4
       5
       4
       3
       3
       6
       5
       8
       8
       5
       9
       8
       7
       5
       8
      10
       5
       5
       2
       3
      10
       7
       6
       7
      12
       3
       6
      11
       6
       5
       7
       5
       8
      10
      14
       4
       4
       5
       8
       5
      10
       3
       5
       3
       4
       5
       4
       6
       3
       8
       6
       9
       4
       5
      11
       9
       6
       5
       5
       6
       6
       2
       9
      11
       9
       6
       3
       5
       2
       4
       5
      15
       8
       6
       0
       8
      10
       2
       9
       6
       4
      11
       5
       3
       7
       2
       7
       8
       7
       4
       5
       7
       7
      10
       5
       3
       5
       6
       2
       2
      11
       5
       6
       6
       7
       2
       5
       8
      13
       6
       9
       5
       4
       3
      10
       3
       2
       4
       6
       9
       6
       8
       4
       6
       6
       8
       8
       4
       3
       7
       5
       2
       5
       8
       7
       5
       7
       3
       6
       8
       5
      10
       4
       4
       6
       3
       7
       2
       1
       7
       7
       5
       6
       4
       7
       5
       5
       5
       1
       3
       1
       6
       6
       5
       5
       3
       7
       7
       1
       6
       5
       8
       3
       3
       3
       8
       5
       4
       2
       5
       7
       8
       2
       3
       5
       3
       2
       4
       5
       4
       4
       3
       1
       3
       2
       3
       5
       2
       5
       2
       2
       5
       3
       2
       4
       4
       4
       2
       6
       3
       3
       2
       2
       4
       5
       3
       1
       1
       0
       2
       1
       1
       1
       2
       5
       3
       0
       0
       0
       2
       3
       1
       2
       4
       1
       0
       2
       1
       4
       1
       2
       2
       1
       2
       3
       1
       2
       1
       3
       2
       0
       1
       2
       2
       1
      -1
       4
       1
       2
       2
       0
       1
       3
       2
       1
       1
       0
       0
       2
       2
       0
       1
       0
       3
       0
       2
       1
       0
       0
       3
       3
       3
       1
       2
       1
       3
       2
       0
       1
       1
       0
       1
       0
       0
       2
       0
       0
       0
       4
       0
       1
       0
       0
       0
       0
       0
       0
       0
       0
       0
       0
       0
       1
       0
       0
       0
       0
       0
       0
       0
       0
       0
       0
       0
       0
       0
       0
       0
       0
       0
       0
       0
       0
       0
       0
       0
       0
       0
       0
       0
       0
       0
       0
       0
       0
       0
       0
       0
       0
       0
       0
       0
       0
       0
       0
       0
       0
       0
       0
       0
       0
       0
       0
       0
       0
       0
       0
       0
       0
       0
       0
       0
       0
       0
       0
       0
       0
       0
       0
       0
       0
       0
       0
       0
       0
       0
       0
       0
       0
       0
       0
       0
       0
$ROI:
0
$PRESETS:
Live Time
180
0
$ENER_FIT:
0.000000 0.000000
$MCA_CAL:
3
0.000000E+000 0.000000E+000 0.000000E+000 
$SHAPE_CAL:
3
0.000000E+000 0.000000E+000 0.000000E+000
