$SPEC_ID:
Na-22
$SPEC_REM:
DET# 2
DETDESC# PHY-R11-80 MCB 129
AP# Maestro Version 7.01
$DATE_MEA:
11/16/2018 16:18:12
$MEAS_TIM:
180 187
$DATA:
0 2047
       0
       0
       0
      24
     876
     647
     644
     660
     708
     675
     701
     750
     676
     718
     712
     712
     717
     697
     696
     719
     746
     765
     770
     835
     974
    1102
    1140
    1271
    1269
    1329
    1366
    1375
    1386
    1427
    1504
    1644
    1844
    2068
    2203
    2555
    2822
    3021
    3269
    3407
    3490
    3344
    2985
    2565
    2292
    2155
    2042
    2122
    2248
    2539
    2649
    2891
    3041
    3069
    3116
    2902
    2726
    2481
    2462
    2411
    2679
    2664
    2912
    2976
    3373
    3625
    4033
    4547
    5196
    5891
    7265
    8592
   10372
   12837
   15143
   18097
   20810
   23129
   24920
   25596
   25526
   24551
   22834
   20394
   18789
   17593
   17176
   17716
   19089
   20547
   22234
   23760
   24101
   23630
   22065
   19773
   16889
   13522
   10752
    8013
    5786
    4112
    2989
    2092
    1598
    1192
     992
     926
     768
     735
     686
     733
     700
     657
     688
     638
     688
     727
     660
     683
     669
     707
     717
     779
     752
     757
     714
     716
     709
     791
     765
     799
     825
     787
     843
     839
     894
     863
     928
     903
     908
     910
     923
     930
     928
     876
     939
     923
     942
     905
     840
     846
     913
     850
     872
     880
     878
     852
     896
     943
     944
     942
    1021
    1012
     984
    1079
    1067
    1204
    1159
    1132
    1190
    1265
    1268
    1370
    1519
    1493
    1557
    1623
    1712
    1718
    1669
    1706
    1723
    1763
    1780
    1656
    1640
    1553
    1472
    1346
    1238
    1211
    1103
    1002
    1029
     918
     886
     860
     859
     790
     871
     862
     863
     895
     916
     794
     890
     883
     890
     850
     920
     904
     871
     922
     860
     916
     895
     960
     868
     889
     921
     838
     875
     931
     885
     877
     867
     858
     836
     894
     768
     840
     809
     861
     841
     820
     832
     801
     842
     761
     779
     824
     789
     851
     809
     796
     787
     806
     803
     856
     763
     782
     840
     825
     749
     773
     800
     774
     771
     746
     800
     772
     773
     759
     720
     709
     692
     807
     743
     677
     716
     716
     701
     711
     686
     720
     689
     741
     696
     700
     708
     682
     674
     697
     702
     684
     647
     677
     641
     659
     668
     598
     646
     689
     696
     643
     631
     691
     648
     633
     651
     651
     583
     654
     665
     627
     652
     585
     633
     695
     606
     630
     614
     668
     589
     594
     582
     585
     590
     594
     563
     589
     645
     607
     567
     592
     613
     591
     619
     607
     585
     587
     552
     583
     593
     599
     599
     580
     608
     592
     648
     584
     604
     578
     613
     587
     608
     592
     595
     604
     568
     587
     582
     587
     643
     528
     593
     627
     575
     557
     652
     613
     604
     597
     572
     579
     556
     600
     560
     619
     614
     604
     543
     570
     523
     560
     548
     549
     526
     569
     519
     503
     517
     548
     494
     483
     464
     504
     454
     469
     453
     445
     392
     413
     431
     403
     413
     381
     379
     368
     382
     330
     371
     320
     324
     367
     318
     278
     332
     270
     309
     304
     292
     276
     241
     271
     270
     281
     253
     268
     249
     270
     234
     257
     255
     251
     230
     266
     261
     235
     203
     224
     246
     216
     219
     212
     218
     199
     202
     222
     221
     218
     221
     206
     211
     193
     196
     181
     238
     204
     196
     236
     201
     203
     181
     178
     184
     210
     200
     180
     190
     177
     159
     167
     203
     177
     174
     173
     164
     172
     192
     172
     186
     161
     164
     177
     179
     155
     187
     176
     187
     183
     160
     141
     198
     186
     183
     154
     184
     168
     169
     173
     165
     168
     163
     191
     180
     192
     190
     172
     170
     175
     173
     157
     121
     157
     173
     155
     156
     159
     174
     150
     162
     155
     174
     170
     159
     177
     185
     165
     171
     151
     157
     145
     171
     148
     156
     189
     179
     125
     167
     161
     177
     146
     167
     178
     181
     169
     177
     169
     152
     172
     189
     186
     200
     208
     217
     231
     188
     213
     261
     284
     266
     308
     311
     323
     364
     434
     434
     464
     513
     553
     664
     656
     703
     777
     863
     979
    1022
    1052
    1235
    1161
    1341
    1377
    1482
    1506
    1676
    1839
    1806
    2056
    2048
    2203
    2276
    2429
    2537
    2656
    2736
    2912
    3020
    3092
    3229
    3337
    3352
    3422
    3547
    3700
    3683
    3657
    3910
    3845
    3822
    3900
    3900
    3831
    3869
    3805
    3735
    3633
    3669
    3489
    3457
    3419
    3317
    3225
    3125
    2942
    2830
    2637
    2608
    2480
    2262
    2223
    1993
    1935
    1791
    1768
    1645
    1482
    1401
    1260
    1199
    1032
    1043
     879
     844
     785
     700
     640
     564
     532
     425
     399
     367
     337
     313
     308
     278
     250
     243
     243
     216
     196
     183
     167
     162
     146
     170
     162
     138
     142
     134
     151
     138
     122
     122
     116
     166
     148
     134
     120
     129
     137
     125
     148
     121
     127
     109
     126
     136
     122
     124
     118
     122
     133
     122
     129
     131
     123
     125
     141
     119
     113
     115
     121
     144
     123
     106
     126
     116
     106
     122
     131
     109
     131
     108
     116
     116
     124
     106
     122
     117
     106
     120
     116
     127
     114
     106
     112
     113
      98
     103
     100
      94
     105
     119
     101
      98
      92
      99
     127
     126
      87
     102
     100
     108
      91
      90
     112
      89
     116
     111
     105
     105
     101
     104
     104
      94
      95
     106
      93
     103
      85
     111
     101
     131
     109
     112
      87
      88
     104
     124
     106
     100
      99
     105
     115
     117
     117
     112
     122
     119
     100
     124
     122
     109
      98
     111
     104
     123
     117
     115
     115
      91
     111
      96
      94
     121
     104
     100
     108
     117
     121
     108
     107
     119
     128
     106
      97
     115
     129
     115
     111
     116
      90
      97
     115
     100
     105
     118
     121
     142
     118
     114
     132
     105
     111
     108
     109
     124
     112
     120
     114
     122
     108
     110
     124
     118
     122
     111
     121
     120
     120
     120
     101
     119
     118
     110
     109
     133
     122
     111
     108
     107
     124
     101
     134
     112
     104
     124
     104
     100
     103
      99
     115
     109
     112
     104
      98
     104
     115
     100
      92
     118
     115
      95
     112
     100
     108
     107
     129
      92
     108
     104
     105
     134
     133
     108
     127
     110
     117
      95
     115
      95
     127
     102
     118
     123
     105
      91
     106
     103
      98
     124
     110
     107
     131
      90
     105
     126
     125
     101
     123
     113
      99
     105
     105
     117
      89
     118
     115
     125
     107
     100
     114
     109
     101
     109
     126
     112
     108
     117
     120
     118
     110
     127
     127
     114
     132
     110
     122
     101
     122
     111
     125
     123
     112
     131
     112
     124
     119
     134
     115
     108
     139
     102
     130
     106
     127
     107
     103
     129
     110
     107
     128
     139
     113
     116
     117
     114
     115
     108
     103
     111
     146
     108
     110
     116
     127
     128
     133
     108
     127
     118
     125
     129
     129
     117
     111
     112
     120
     108
     125
     124
     104
     104
     104
     141
     118
     133
     129
     129
     138
     116
     139
     112
     132
     111
     117
     120
     117
     119
     114
     129
     117
     124
     116
     124
     126
     102
     147
     130
     127
     134
     138
     122
     114
     156
     125
     101
     123
     126
     140
     114
     133
     113
     120
     123
     133
     133
     111
     111
     131
     145
     132
     119
     114
     126
     126
     118
     116
     123
     140
     111
     134
     130
     134
     114
     121
     113
     119
     139
     123
     130
     119
     112
      84
     114
     112
     108
     110
      95
     134
     121
     107
     102
     112
      99
      97
     115
      97
     111
      90
     100
     106
      87
      76
      81
      99
      84
      94
      88
      91
      75
      80
      93
      95
      70
      77
      79
      72
      60
      68
      65
      58
      61
      54
      70
      58
      73
      67
      69
      60
      60
      76
      57
      61
      56
      68
      69
      56
      37
      52
      58
      57
      58
      39
      54
      62
      43
      46
      36
      58
      40
      39
      49
      42
      40
      51
      46
      48
      46
      44
      43
      42
      31
      46
      42
      54
      31
      25
      44
      41
      42
      45
      31
      45
      38
      28
      34
      39
      26
      31
      33
      42
      39
      25
      38
      34
      32
      22
      38
      38
      27
      34
      32
      29
      23
      32
      29
      39
      27
      40
      27
      26
      28
      28
      29
      27
      37
      34
      30
      18
      35
      16
      24
      26
      20
      32
      25
      29
      24
      21
      21
      25
      17
      16
      21
      30
      20
      23
      19
      17
      20
      17
      17
      23
      19
      23
      22
      25
      18
      25
      14
      22
      20
      20
      22
      20
      14
      21
      15
      18
      17
      16
      22
      24
      27
      20
      20
      22
      21
      20
      23
      15
      14
      15
      12
      23
      28
      21
      23
      26
      17
      23
      17
      24
      32
      19
      15
      22
      26
      42
      24
      27
      26
      25
      29
      27
      30
      32
      38
      46
      43
      50
      43
      52
      38
      37
      45
      73
      61
      66
      73
      59
      65
      76
      72
      90
      84
      88
     111
     110
     111
     105
     117
     123
     126
     130
     132
     155
     147
     221
     156
     176
     171
     204
     223
     229
     244
     254
     277
     259
     281
     264
     280
     264
     311
     319
     332
     349
     331
     396
     385
     390
     375
     398
     408
     393
     388
     423
     465
     419
     459
     448
     487
     443
     479
     475
     490
     482
     455
     492
     465
     505
     474
     529
     513
     483
     481
     531
     469
     505
     482
     477
     498
     475
     433
     447
     467
     445
     425
     401
     447
     411
     417
     373
     368
     360
     328
     355
     337
     325
     331
     332
     311
     299
     282
     309
     281
     268
     259
     241
     256
     207
     223
     195
     205
     183
     173
     166
     166
     144
     162
     133
     153
     151
     104
     116
     116
     104
      88
      70
      71
      66
      75
      77
      70
      61
      68
      59
      44
      64
      38
      48
      39
      43
      39
      42
      35
      34
      29
      25
      31
      38
      22
      26
      31
      28
      29
      22
      22
      16
      16
      23
      20
      18
      24
      12
      18
      12
      20
      21
      17
      18
      23
      25
       9
      13
      15
       7
      15
      16
      23
      14
      13
      16
       7
      14
      19
      14
      14
      18
      13
      18
      20
      22
      14
      12
      19
      17
      17
       8
      13
      19
      10
      12
      16
      15
      20
      12
      20
      13
       7
      11
      17
      17
      10
      11
      15
      12
      16
      20
      13
       9
      14
      23
       7
      10
      14
       8
       7
      20
      18
       7
      16
      11
      14
       8
      14
      15
      17
       9
       9
      11
      12
      22
       8
      12
      14
      17
      10
      13
       9
      12
      22
      16
      14
      15
      12
       8
      18
      15
       6
      12
      15
      19
      15
      16
      14
      14
      18
      12
      10
      11
      11
      10
      13
      12
      16
      11
      18
      13
       6
       8
      14
      24
      13
      13
      11
      15
      19
      17
      15
      16
      13
      12
      12
      15
      20
      16
      16
      15
      13
      10
      12
      15
       8
      12
      18
      15
      12
      11
      18
       8
       6
      11
      22
      15
      14
      10
      14
       4
      15
      18
      16
      13
      15
      17
      11
       6
      13
      10
      10
      11
       9
       9
      22
       8
      11
      20
       9
      17
      19
      12
      12
       9
      13
      15
       9
       5
       8
      21
      15
      14
      13
      11
      13
      10
      16
      14
       9
       8
      15
      15
      16
      20
      16
      10
      11
      12
      11
      17
      12
      13
       9
      20
      17
      16
      11
       8
      19
      12
      17
       9
      13
      17
      10
      10
      16
      16
      18
       7
      11
      13
      14
       9
      17
       8
      15
       9
      11
       7
       8
       7
       8
      18
      17
      14
      10
      11
       9
      10
      13
       7
      15
      16
      19
      15
       9
       5
      11
      14
      12
      10
      14
       9
       8
       6
      16
      19
      12
       7
      14
      16
      11
      14
      11
      13
      11
      11
      13
       9
      10
       8
      10
       5
      13
      15
       8
       8
       8
      16
       8
       6
      12
       5
      10
       3
      13
       7
      10
      12
       6
      14
       8
       3
       3
       8
      13
       6
       5
      10
      15
       7
       8
       3
       5
       4
      12
       9
      10
      14
       3
       6
       8
       8
       6
       5
       8
       7
       5
       8
       9
       8
      11
      13
       6
       9
       4
       7
       8
       5
       6
       2
       8
       5
      11
      12
       8
       7
       3
       2
       2
       7
       5
       9
       2
       3
       3
       3
       2
       6
       2
       5
       6
       5
       4
       3
       3
       1
       0
       0
       4
       4
       3
       1
       1
       1
       2
       1
       5
       4
       5
       3
       2
       5
       1
      -1
       3
       1
       5
       2
       4
       2
       4
       2
       2
       3
       1
       1
       4
       2
       5
       2
       4
       2
       4
       2
       2
       1
       1
       0
       3
       3
       3
       0
       2
       4
       1
       1
       1
       2
       2
       3
       2
       4
       2
       1
       2
       2
       1
       3
       2
       2
       0
       4
       5
       7
       1
       5
       4
       2
       0
       5
       3
       2
       2
       3
       1
       4
       3
       3
       4
       2
       4
       6
       4
       4
       3
       8
       7
       5
       3
       6
       5
       5
       4
       6
       6
       7
       9
       9
      15
       8
       6
       6
       9
       8
      13
       8
      13
       8
       4
       8
      13
      10
      16
       7
      11
      11
      16
      15
      16
      20
      12
      13
      14
      15
      13
      13
      22
      19
      12
      20
      13
      12
      24
      14
      17
      16
      20
      15
      24
      19
      24
      19
      21
      18
      25
      19
      20
      26
      22
      23
      23
      20
      18
      18
      26
      23
      25
      25
      22
       9
       1
       0
       0
       0
       0
       0
       0
       0
       0
       0
       1
       0
       0
       0
       0
       0
       0
       0
       0
       0
       0
       1
       0
       0
       0
       0
       0
       0
       0
       0
       0
       0
       0
       0
       0
       1
       0
       0
       0
       0
       0
       0
       0
       0
       0
       0
       0
       0
       0
       0
       0
       0
       0
       0
       0
       0
       0
       0
       0
       0
       0
       0
       0
       0
       0
       0
       0
       0
       0
       0
       0
       0
       0
       0
       0
       0
       0
       0
       0
       0
       0
       0
       0
       0
       0
       0
       0
       0
       0
       0
$ROI:
0
$PRESETS:
Live Time
180
0
$ENER_FIT:
0.000000 0.826957
$MCA_CAL:
3
0.000000E+000 8.269570E-001 0.000000E+000 keV
$SHAPE_CAL:
3
0.000000E+000 0.000000E+000 0.000000E+000
