$SPEC_ID:
Na-22
$SPEC_REM:
DET# 2
DETDESC# PHY-R11-80 MCB 129
AP# Maestro Version 7.01
$DATE_MEA:
11/16/2018 15:50:05
$MEAS_TIM:
180 195
$DATA:
0 2047
       0
       0
       0
      40
    1351
    1316
    1744
    2656
    4097
    5753
    7493
   10950
   17003
   25053
   32327
   35087
   31930
   27695
   24073
   22922
   21262
   17850
   15127
   14144
   16297
   21002
   26093
   29440
   30538
   30576
   29908
   30961
   32134
   31553
   28143
   22100
   15077
    9356
    5148
    2788
    1590
    1105
    1003
     993
    1080
    1319
    1614
    1810
    2248
    2683
    3210
    3787
    4480
    5314
    6566
    7907
    9529
   11342
   13138
   15182
   18352
   22101
   27074
   34646
   45018
   58824
   76849
   98424
  123349
  148922
  172497
  189914
  196252
  190910
  173691
  146192
  114172
   82726
   54580
   33587
   19426
   10482
    5576
    2944
    1742
    1150
    1012
     952
     977
     964
    1075
    1044
    1137
    1169
    1157
    1176
    1187
    1215
    1165
    1160
    1076
    1092
     999
     929
     925
     930
     925
     820
     765
     800
     807
     782
     736
     756
     647
     681
     657
     643
     663
     656
     620
     648
     659
     691
     688
     687
     662
     704
     615
     572
     566
     524
     594
     624
     646
     593
     557
     615
     615
     642
     654
     645
     684
     643
     702
     725
     738
     788
     752
     722
     772
     693
     727
     609
     547
     523
     461
     393
     308
     244
     214
     149
     126
      82
      94
      54
      49
      45
      20
      46
      40
      39
      38
      20
      20
      36
      25
      28
      29
      30
      28
      16
      22
      27
      34
      30
      21
      29
      21
       9
      16
      25
      19
      32
      32
       8
      20
      22
      19
      22
      33
      25
      14
      27
      20
      18
      36
      19
      23
      10
      22
      29
      18
      22
      31
      16
      16
      20
      13
      14
      21
       7
      -8
      16
      21
      13
      20
      15
      12
      15
       4
      30
      21
      13
      17
      12
      13
      18
      16
      10
      18
      11
      16
      29
       6
       8
      18
      20
      30
      -3
      21
       9
       4
      30
      16
       9
      19
      23
      23
       8
      29
      12
      21
      24
      15
      12
      15
      10
      17
       3
       7
      10
      31
      23
      15
      17
      16
       1
       6
      10
      15
      14
       9
       8
       0
      17
      12
      15
      12
       7
      20
      10
       4
      20
       2
      11
       6
      12
       6
      16
      18
       4
       1
       3
       6
       3
      15
       3
       9
      12
      10
      11
       9
       5
      19
      15
      11
       8
       7
      15
      10
       8
       8
      17
      19
       9
      14
      -2
      10
      17
       3
      20
      10
      13
       7
      11
      16
       5
      10
       6
       3
      14
       8
      10
      14
       5
      -5
      10
      12
       3
       7
       9
       0
      15
       7
      10
       1
       6
      13
      13
       9
      16
       5
       4
      20
       6
       6
      10
       6
       7
       9
       8
      15
       2
       1
       2
       9
       8
      16
       9
       5
       8
       2
      15
      -1
       3
       8
       0
       9
       3
      10
      13
      15
       9
      11
       3
       5
       7
      -1
       1
      12
       5
      10
       8
       2
       6
       6
       6
       6
       8
      13
       9
      12
      14
       9
       8
       5
      16
       8
       3
       9
      10
       4
       0
       5
       1
       3
      -1
       0
       3
       1
       8
      12
       6
      11
       5
      11
       8
       7
       0
       6
       8
       2
       5
       5
       9
       3
       1
       7
       3
       2
      13
       4
       9
      -3
       3
       5
      10
       5
       6
       8
       7
       9
       6
       1
       6
       7
       6
       5
      11
       2
      12
       8
      13
       3
       6
       2
       7
       7
      10
       5
       6
       4
       9
       5
       6
       7
       6
       5
       5
       6
       0
       9
       3
       2
       5
       2
      12
       6
      11
       3
      13
      12
       4
       6
      10
       4
      10
       4
       6
       7
       3
       4
       7
       9
       2
      11
       2
       3
       2
       9
      20
       2
       2
       7
       1
       4
       3
       9
      13
       5
       7
       9
       6
       3
       0
       6
      12
       8
       4
       3
       5
       3
       1
       2
       4
       0
       2
       1
       4
       2
       7
       6
       7
       0
      -2
      -1
       8
       3
      -3
       4
       0
       4
       3
       0
       4
       3
       4
       4
      -1
       7
       9
      -2
       8
       7
       2
       3
       3
       6
       3
       2
       3
       4
       5
      10
      10
       2
      16
       6
       7
       0
      10
       5
       8
       4
       6
       2
       9
       3
       2
       0
       2
       4
       4
       9
       3
       1
       5
       5
      10
       2
       9
       1
       4
       8
       3
       8
       4
       8
       1
       4
       6
       3
       8
       2
       1
       2
       7
       2
       4
       2
      10
       7
      -2
      -1
       0
       2
       1
       9
       3
       7
       2
       0
       6
       5
       1
       8
       5
       6
       4
       2
       5
       3
       4
       4
       0
       8
       1
       6
       3
       5
       3
       2
       7
       6
       4
       1
       1
       4
       2
       0
       6
       0
       0
       6
       3
       4
       0
       3
       0
      -1
       4
       6
       3
       3
       3
      10
      -1
       8
       0
       3
      -2
      -1
       6
       9
       2
       6
       7
       7
       5
       5
       2
       6
       1
       6
       2
       5
       3
       3
       1
       4
       4
       2
       5
       2
      -2
       2
       5
       3
       5
       0
       5
       3
       6
       1
       4
       0
       3
       4
       1
       2
       2
       5
       8
       8
       7
       2
       8
       2
       4
       4
       3
       7
       7
       5
       4
       4
       4
       8
       4
       3
       0
       2
       5
       8
       4
      11
       8
       5
       4
       5
       4
       4
       5
      12
       5
       8
       3
       9
       5
       4
      11
       5
       4
       5
       2
       4
       6
       6
       3
       8
       5
      10
       5
       4
       3
      11
      11
       1
       3
       1
       7
       3
       8
       1
       9
       1
       5
       4
       4
       5
       5
       1
       5
       7
       0
      -2
       5
       3
       5
       0
       9
       5
       4
       4
       2
       0
       4
       1
       3
       2
       2
       4
       5
       2
       7
       0
       2
       2
       5
       7
       5
       4
      -1
       5
       2
       4
       3
       1
       2
       1
       1
       6
       3
       2
       2
       3
       1
      -1
       4
       3
       3
       1
       5
       0
       8
       2
       2
       5
       1
       2
       3
       3
       0
       7
       2
       1
       2
       3
       3
      -1
       3
       4
       3
       0
       1
       3
       0
       1
       3
       2
       3
      10
       8
       4
       5
       0
       4
      -1
       2
       4
       1
       5
       7
       4
       5
       3
       2
       7
       1
       4
       2
       5
       4
       3
       1
      -1
       2
       5
       2
       5
       5
       5
       3
       3
       5
      -1
       6
       0
       6
       4
       0
       4
       2
       5
       4
       3
       8
       5
       3
       2
       2
       1
       1
      -1
       4
       2
      -1
       3
       2
       6
       2
       0
       2
       5
      -1
       9
       3
       7
       3
       0
       5
       3
       3
       0
       2
       4
       3
       2
       5
       6
       3
       5
       4
       3
       3
       3
       5
       5
       1
       1
       0
       0
       3
       1
       6
       2
       1
       4
       4
       3
       5
       4
       1
       6
      -1
       3
       5
       2
       5
      12
       3
       0
       0
       5
       1
       1
       2
       4
       2
       3
       2
       4
       4
       2
       4
       4
       5
       1
       3
       6
       1
       3
       1
       2
       0
       3
       5
       4
      -2
       5
       4
       1
       2
       0
       4
       2
       1
       6
       6
       4
       2
       1
       2
       1
       1
       4
       5
       2
       2
       1
       0
       0
       4
       4
       2
       7
       5
       2
       4
       1
      -1
       2
      -1
       4
       6
       1
      -2
       5
       2
       2
       4
       2
       2
       5
       0
       0
       3
       4
       1
       1
       6
       0
       3
       6
       2
       0
       4
       2
       4
       4
       3
       1
       3
       3
       1
       2
       3
       3
       0
       2
       6
       3
       0
       2
       2
      -1
       8
      -1
       0
       2
       4
       2
       4
       1
       3
       8
       5
       1
       4
       1
       2
       4
       1
       0
       6
       3
       3
       3
       3
       1
       5
       0
      -1
       5
       3
       1
       3
       3
       2
       1
       5
       4
       2
       1
       3
      -1
       5
       4
       4
       0
       3
       1
       1
       3
       2
      -1
       7
       2
      -1
       2
       2
      -1
       2
       1
       3
       1
       0
       5
       0
       1
       1
       1
       2
       1
       2
       2
       2
       4
       2
       1
      -1
       4
       0
       3
       1
       1
       5
       0
       5
       2
       1
       1
       4
       0
      -1
       0
       1
       1
       3
       4
       4
       1
       3
       4
       1
       4
       2
       0
       3
       2
       3
       1
       1
       1
       0
       0
       0
       2
       3
      -1
       0
       0
       0
      -1
       5
       1
       2
       4
       1
      -1
       4
       2
       2
      -1
       7
       2
       4
      -1
       1
       2
       1
       5
       3
       0
       2
       1
       2
      -1
       3
      -1
       1
       3
       0
      -1
       0
       4
       7
       3
       0
       3
       2
       1
       1
       2
       1
       2
       4
       1
       0
       1
       2
       6
       1
       2
       0
       0
       1
      -1
       2
       1
       2
       1
       0
       2
       1
       4
       3
       0
       1
      -1
       1
       2
       4
       1
       0
       2
       0
       0
       3
       0
       0
       2
       3
       5
       4
       2
       2
       0
       0
       2
       4
       2
       2
      -1
       1
       3
       5
       3
       1
       4
       4
       3
       3
       6
       4
       0
       3
       3
       1
       3
       3
       1
       2
       6
       0
       2
       3
       1
       3
       2
       2
       1
       4
       4
       0
       1
       1
       6
       7
       2
       3
       4
       1
      -1
       3
       2
       5
       1
       3
       6
       4
       4
       0
       3
       3
       5
       1
       8
       4
       6
       7
       3
       3
       6
       7
       1
       6
       6
       5
       0
       0
       0
       5
       5
       5
       3
       3
       4
      -1
       4
       1
       3
       4
       1
       0
       2
       3
       0
       2
       1
       1
       0
       1
       0
      -1
       0
       3
       0
      -1
       1
       2
       0
       0
       3
       2
      -1
       4
       0
       2
       2
       3
       1
       2
      -1
       0
      -1
       2
      -1
       0
       2
       1
       0
       1
       1
       2
       0
       2
       0
       1
       0
       1
       0
       0
       1
       1
       1
       0
       2
       0
       0
       1
       2
      -1
      -1
       1
       1
      -1
       1
       1
       1
       1
      -1
      -1
       0
       0
       2
      -1
       1
       0
       1
       0
       2
       2
       0
       1
       1
       3
       1
       3
       0
       0
       1
       3
       2
       1
       0
       2
       2
       1
       2
       1
       1
       3
       4
      -1
       4
       3
       3
       5
       0
       0
       4
       2
       0
       4
       1
       1
       1
       0
       3
       3
       2
       0
       1
       4
       3
       0
       4
       0
       1
       1
       2
       4
       5
       1
       4
       0
       3
       1
       3
       4
       3
       3
       2
       5
       2
       1
       4
      -1
       2
       4
       2
       4
       0
       1
       2
       2
       3
       2
       3
       2
       3
       3
       0
       4
       3
       1
       0
       1
       6
       4
       1
       4
       5
      -1
       3
       4
       3
       1
       1
       6
       1
       2
       0
       0
       0
       0
       1
       2
       0
       0
       1
       0
       4
       3
       1
       2
       1
       0
       3
      -1
       0
       2
       1
       1
       2
       1
       1
       1
       1
       0
       1
       0
       1
       1
       1
       0
      -1
       1
       1
       0
      -1
       2
       1
       0
      -1
       0
      -1
       0
       1
       0
      -1
      -1
       1
       1
      -1
       0
       3
       1
      -2
       1
       1
       1
       1
       1
       0
      -1
      -1
       0
       4
       0
      -1
       1
       1
      -1
       1
      -1
       0
      -1
       0
      -2
      -2
      -1
       0
       0
       0
       2
       1
       0
       0
       0
       0
       0
      -1
      -1
      -1
       1
      -2
       3
       3
       1
       0
      -1
      -1
       1
      -2
      -2
       2
       3
      -2
       3
       1
      -3
       0
       4
       0
       0
      -1
      -2
      -1
       3
       0
      -1
       1
       0
       1
       1
      -2
       0
      -1
      -1
      -1
       1
      -1
       0
       2
       1
       0
       4
       1
       2
       0
      -1
      -1
      -1
       0
       0
      -1
       2
       1
      -1
      -2
       0
      -1
       0
       0
       0
      -1
       0
       0
       0
       0
      -2
       1
       1
       2
       0
      -1
       1
      -1
       2
       1
       0
       1
      -1
       0
       0
       0
       0
       1
       3
       1
       1
      -1
       1
       1
       1
       2
       0
       0
       1
       0
       0
       3
      -1
       0
       2
       0
      -1
      -1
       0
       0
       0
       0
       0
       0
      -1
       0
       1
       1
      -1
       0
      -1
       0
       0
      -1
       0
       2
       1
       0
       0
       0
       0
       0
       0
       0
       0
       0
       3
       1
       1
       0
       0
       0
       0
       0
       0
       0
       0
      -1
       0
       0
      -1
       1
       0
       0
       0
       0
      -1
       1
      -1
       0
      -1
       0
       0
       0
       1
       1
       0
       0
       0
       1
       0
       0
       2
       0
       0
      -1
       1
       0
       1
       0
       2
      -1
       0
       0
       0
       0
       1
       2
       0
       0
       0
       0
       0
       0
       0
       0
       0
       0
       0
       0
       1
       0
       0
       0
       0
       0
       0
       2
       1
       0
       0
       0
       1
       0
       0
       0
       0
       0
       0
       0
       0
       0
       0
       0
       1
       0
       0
       0
       0
       0
       1
       0
       0
       1
       0
       0
       0
       0
       0
       0
       0
       1
       0
       0
       0
      -1
       0
       0
       0
      -1
       0
       0
       0
       0
       0
       0
       0
      -1
       0
       0
       1
       0
       0
       1
       0
       0
       1
       1
       1
       0
       1
       0
       0
       0
       0
       1
       0
       1
       0
       1
       0
       0
       0
       1
       0
       0
       2
       0
       0
       0
       0
       0
       0
       2
       0
       0
       0
       0
       0
       0
       0
       0
       0
       2
       0
       0
       0
       0
       0
       0
       0
       0
       0
       0
       0
       0
       0
       0
       0
       0
       0
       0
       0
       0
       0
       0
       0
       0
       0
       0
       0
       0
       0
       0
       0
       0
       0
       0
       0
       0
       0
       0
       0
       0
       0
       0
       0
       0
       0
       0
       0
       0
       0
       0
       0
       0
       0
       0
       0
       0
       0
       0
       0
       0
       0
       0
       0
       0
       0
       0
       0
       0
       0
       0
       0
       0
       0
       0
       0
       0
       0
       0
       0
       0
       0
       0
       0
       0
       0
       0
       0
       0
       0
       0
       0
$ROI:
0
$PRESETS:
Live Time
180
0
$ENER_FIT:
0.000000 0.000000
$MCA_CAL:
3
0.000000E+000 0.000000E+000 0.000000E+000 
$SHAPE_CAL:
3
0.000000E+000 0.000000E+000 0.000000E+000
