$SPEC_ID:
Na-22
$SPEC_REM:
DET# 2
DETDESC# PHY-R11-80 MCB 129
AP# Maestro Version 7.01
$DATE_MEA:
11/16/2018 14:07:14
$MEAS_TIM:
4650 4654
$DATA:
0 2047
       0
       0
       0
      12
     423
     357
     334
     352
     354
     379
     410
     412
     427
     424
     420
     442
     506
     460
     474
     424
     513
     474
     523
     496
     500
     505
     504
     564
     594
     612
     625
     685
     710
     662
     746
     674
     697
     628
     682
     654
     668
     677
     699
     705
     723
     758
     832
     839
     841
     905
     912
    1008
    1004
    1018
    1091
    1060
    1090
    1123
    1158
    1256
    1254
    1277
    1299
    1330
    1369
    1403
    1521
    1532
    1557
    1692
    1726
    1748
    1781
    1895
    1930
    2034
    1976
    2055
    2120
    2186
    2207
    2279
    2378
    2506
    2561
    2667
    2832
    2907
    2988
    3109
    3077
    3105
    3066
    3021
    2843
    2852
    2747
    2810
    2685
    2730
    2769
    2641
    2724
    2757
    2802
    2766
    2727
    2746
    2642
    2686
    2649
    2607
    2643
    2527
    2538
    2584
    2542
    2517
    2438
    2476
    2429
    2456
    2411
    2503
    2420
    2495
    2458
    2470
    2337
    2400
    2324
    2330
    2317
    2414
    2293
    2316
    2292
    2286
    2287
    2256
    2252
    2252
    2223
    2156
    2172
    2153
    2095
    2134
    2155
    2117
    2076
    2119
    2051
    2078
    2074
    2071
    2079
    2022
    1999
    1973
    1887
    1984
    1948
    1908
    2028
    1923
    1866
    1868
    1835
    1870
    1833
    1829
    1768
    1773
    1727
    1749
    1785
    1775
    1736
    1749
    1735
    1691
    1631
    1606
    1588
    1645
    1534
    1563
    1539
    1504
    1569
    1563
    1522
    1526
    1531
    1496
    1484
    1558
    1530
    1517
    1440
    1457
    1411
    1426
    1383
    1362
    1325
    1418
    1395
    1332
    1393
    1347
    1293
    1298
    1338
    1370
    1265
    1263
    1251
    1312
    1256
    1218
    1237
    1205
    1223
    1256
    1169
    1190
    1181
    1207
    1193
    1125
    1190
    1181
    1167
    1143
    1172
    1057
    1077
    1113
    1041
    1113
    1130
    1077
    1048
    1050
    1000
    1030
    1014
    1033
    1022
    1025
    1062
     932
     928
    1013
    1010
     976
     971
     978
     906
     903
     917
    1010
     873
     960
     897
     919
     905
     923
     924
     945
     902
     866
     931
     937
     892
     896
     915
     934
     901
     952
     860
     938
     880
     902
     889
     897
     880
     837
     829
     777
     850
     783
     823
     747
     835
     765
     723
     710
     697
     652
     728
     691
     679
     681
     651
     662
     648
     618
     640
     603
     619
     606
     641
     586
     593
     559
     581
     591
     512
     583
     556
     557
     530
     565
     539
     540
     523
     581
     514
     511
     513
     523
     510
     528
     533
     520
     521
     502
     476
     492
     501
     476
     512
     501
     532
     452
     520
     450
     498
     479
     441
     502
     441
     478
     469
     464
     439
     448
     436
     458
     420
     432
     439
     447
     416
     423
     421
     422
     418
     435
     403
     381
     440
     356
     384
     357
     381
     348
     375
     340
     409
     384
     377
     356
     375
     388
     391
     360
     374
     375
     398
     366
     378
     349
     380
     346
     380
     389
     371
     345
     376
     387
     373
     390
     410
     378
     394
     387
     355
     363
     349
     385
     345
     362
     388
     373
     341
     362
     372
     410
     343
     334
     363
     348
     314
     314
     310
     321
     301
     292
     331
     327
     302
     327
     293
     275
     297
     287
     310
     268
     299
     274
     271
     231
     271
     251
     252
     238
     243
     225
     249
     201
     227
     211
     222
     241
     210
     232
     233
     242
     246
     236
     225
     208
     224
     227
     218
     235
     225
     230
     221
     223
     207
     213
     229
     222
     227
     185
     212
     213
     199
     202
     211
     227
     180
     193
     196
     205
     197
     192
     180
     213
     161
     200
     171
     171
     165
     187
     165
     179
     189
     204
     208
     196
     186
     193
     168
     178
     191
     180
     171
     167
     172
     181
     166
     169
     142
     174
     165
     170
     153
     175
     170
     168
     190
     170
     154
     163
     160
     155
     190
     174
     177
     189
     152
     153
     180
     163
     167
     141
     157
     156
     146
     167
     160
     150
     154
     174
     159
     182
     144
     148
     164
     170
     154
     151
     126
     140
     153
     141
     132
     142
     136
     153
     162
     126
     144
     155
     152
     134
     159
     158
     121
     151
     139
     155
     131
     155
     141
     150
     121
     144
     148
     166
     161
     144
     159
     153
     138
     165
     144
     154
     161
     135
     158
     132
     148
     154
     151
     167
     167
     158
     153
     138
     138
     167
     144
     143
     138
     160
     154
     127
     142
     141
     120
     123
     151
     113
     171
     115
     128
     124
     121
     109
     126
     126
     111
     120
     119
     117
     117
     131
     122
     123
     121
     127
     125
     117
     120
     122
     112
     120
     112
     107
     116
     113
     107
     102
     118
     104
     119
     115
     113
     101
     114
     107
     131
     129
     123
     111
     114
     115
     128
     132
     109
     110
     140
     120
     128
     129
     125
     128
     110
     137
     129
     148
     130
     135
     116
     128
     132
     141
     134
     117
     129
     117
     126
     148
     137
     130
     136
     123
     121
     132
     119
     117
     139
     122
     105
     116
     121
     133
     131
     111
     126
     141
     120
     107
     132
     146
     117
     139
     114
     124
     122
     108
     126
     121
     140
     130
     120
     125
     123
     107
     128
     120
     119
     114
     111
     111
     110
     118
     105
     113
      89
     101
     115
      87
     122
     100
     101
     117
     112
      97
     123
     107
     104
      88
      94
      97
     102
      87
     112
     108
     122
     113
     103
     113
     126
      99
      92
     103
     103
     109
     100
     119
     107
     103
     107
     104
     106
     105
     110
     107
      95
      96
      83
     115
     114
      95
      87
      82
     107
      98
     113
      93
      98
      81
      88
     107
      85
     105
      80
      82
      94
      81
      84
      80
      85
      65
      85
      75
      90
      82
      72
      71
      81
      69
      78
      75
      74
      85
      66
      78
      81
      65
      73
      64
      81
      76
      68
      64
      66
      60
      66
      65
      65
      62
      69
      60
      68
      70
      53
      71
      66
      70
      57
      80
      65
      68
      75
      63
      62
      70
      54
      62
      78
      46
      58
      71
      60
      62
      64
      63
      54
      54
      64
      56
      68
      73
      68
      53
      58
      53
      65
      71
      54
      73
      52
      65
      65
      72
      55
      52
      51
      56
      48
      45
      41
      53
      63
      60
      56
      53
      61
      56
      57
      47
      63
      59
      64
      62
      59
      66
      66
      51
      63
      44
      46
      42
      52
      50
      51
      61
      52
      55
      61
      62
      59
      77
      55
      41
      51
      54
      52
      68
      55
      62
      51
      54
      70
      48
      62
      54
      49
      61
      47
      49
      45
      56
      59
      59
      46
      55
      54
      59
      48
      44
      56
      53
      62
      62
      53
      48
      48
      61
      42
      44
      54
      67
      57
      57
      39
      53
      47
      51
      60
      49
      61
      47
      65
      40
      52
      50
      52
      51
      49
      45
      43
      44
      45
      53
      59
      50
      49
      50
      54
      50
      55
      43
      47
      41
      45
      54
      50
      46
      59
      57
      43
      53
      36
      48
      52
      50
      46
      55
      49
      60
      53
      49
      45
      47
      45
      33
      43
      61
      49
      56
      52
      48
      55
      48
      53
      61
      42
      56
      58
      56
      48
      45
      62
      54
      57
      57
      53
      52
      60
      51
      60
      61
      58
      47
      59
      56
      40
      50
      56
      45
      47
      46
      63
      71
      47
      54
      71
      49
      57
      46
      61
      44
      64
      48
      63
      46
      49
      59
      59
      55
      62
      36
      65
      64
      67
      37
      55
      49
      67
      61
      66
      70
      49
      51
      52
      48
      52
      44
      53
      47
      70
      42
      53
      50
      48
      66
      44
      61
      61
      48
      48
      51
      49
      46
      46
      59
      49
      37
      43
      51
      56
      44
      53
      56
      61
      37
      45
      48
      49
      50
      52
      52
      49
      48
      51
      40
      50
      49
      47
      56
      44
      48
      60
      57
      44
      47
      50
      47
      49
      47
      47
      54
      51
      29
      47
      40
      41
      44
      53
      51
      38
      49
      41
      43
      24
      45
      32
      45
      39
      58
      53
      45
      33
      39
      33
      45
      30
      42
      50
      56
      44
      31
      30
      27
      38
      37
      38
      37
      40
      38
      46
      27
      39
      42
      24
      30
      39
      34
      33
      26
      30
      48
      38
      28
      29
      38
      40
      26
      31
      23
      28
      41
      41
      37
      27
      36
      27
      41
      23
      40
      34
      29
      31
      33
      31
      41
      36
      32
      30
      40
      32
      31
      30
      21
      35
      28
      36
      32
      29
      40
      33
      38
      32
      39
      36
      26
      34
      42
      35
      38
      31
      33
      39
      32
      23
      41
      25
      22
      40
      30
      20
      31
      34
      26
      38
      30
      24
      34
      30
      36
      34
      32
      34
      43
      39
      33
      43
      29
      30
      40
      47
      38
      48
      41
      48
      29
      30
      42
      35
      46
      32
      30
      38
      38
      40
      44
      42
      35
      41
      45
      27
      40
      39
      35
      43
      35
      37
      35
      33
      31
      31
      43
      44
      43
      38
      40
      47
      45
      37
      44
      40
      42
      44
      38
      35
      37
      31
      38
      47
      38
      35
      35
      47
      26
      49
      27
      27
      43
      35
      34
      43
      28
      37
      45
      33
      39
      27
      33
      41
      45
      51
      31
      28
      31
      37
      33
      35
      26
      33
      30
      37
      30
      31
      37
      40
      31
      29
      32
      38
      32
      34
      49
      35
      35
      29
      39
      36
      44
      33
      36
      39
      36
      43
      32
      41
      28
      30
      19
      34
      29
      34
      33
      37
      30
      38
      34
      37
      32
      28
      25
      28
      30
      19
      31
      30
      26
      30
      23
      27
      37
      27
      24
      37
      35
      26
      32
      26
      28
      28
      19
      39
      35
      22
      31
      25
      27
      22
      22
      19
      30
      21
      33
      20
      32
      25
      31
      18
      30
      28
      19
      27
      22
      23
      18
      26
      29
      28
      16
      16
      16
      30
      22
      22
      13
      19
      15
      20
      19
      16
      21
      18
      16
      17
      16
      19
      17
      24
      19
      15
      21
      20
      20
      25
      20
      14
      23
      17
      12
      21
      12
      17
      20
      18
      23
      20
      21
      25
      16
      17
      14
      20
      13
      15
      15
      25
      23
      25
      22
      15
      20
      25
      12
      23
      26
      20
      23
      16
      16
      21
      18
      24
      22
      21
      22
      14
      26
      16
      22
      16
      19
      12
      11
      15
      14
      18
      25
      16
      16
      18
      18
       8
      12
      18
      18
      20
      24
      14
      21
      21
      20
      17
      20
      12
      25
      13
      15
      13
      14
      17
      17
      16
      18
      26
      17
      23
      21
      15
      15
      16
      15
      17
      12
      18
      22
      18
      22
      13
      19
      13
      11
      21
      18
      14
      19
      17
      12
      13
      22
      13
      12
      15
      18
      20
      14
      23
      20
      20
      21
      22
      21
      16
      15
      22
      17
      13
      17
      15
      11
      17
      26
      18
      22
      21
      16
      21
      10
      16
      16
      24
      20
      20
      13
      22
      18
      28
      17
      21
      19
      20
      24
      15
      16
      16
      25
      25
      20
      25
      14
      18
      15
      26
      23
      26
      15
      17
      27
      26
      33
      26
      26
      17
      23
      27
      25
      25
      27
      29
      32
      23
      25
      30
      30
      37
      30
      26
      37
      41
      35
      47
      35
      32
      49
      31
      46
      38
      47
      41
      44
      44
      36
      40
      41
      43
      47
      44
      53
      46
      43
      42
      60
      58
      45
      50
      50
      50
      56
      65
      48
      56
      50
      57
      57
      47
      54
      68
      49
      70
      65
      40
      49
      63
      61
      61
      58
      57
      58
      62
      57
      47
      52
      43
      41
      52
      63
      50
      56
      40
      48
      49
      50
      49
      44
      41
      50
      41
      36
      48
      45
      28
      35
      40
      34
      34
      47
      40
      31
      33
      33
      26
      17
      23
      19
      25
      22
      30
      17
      17
      22
      27
      19
      22
      20
      23
      25
      25
      20
      20
      14
      14
      18
      12
      13
       9
      16
      11
      13
      17
      11
       9
       8
      12
      14
      12
       8
      15
       8
      15
      17
       9
      11
       7
       3
       4
       5
      10
      10
       8
       9
       3
      10
       7
      10
       8
       5
       9
       9
       6
      10
       9
       9
       6
      10
       9
       4
       6
      10
       6
      10
      10
       8
      11
       7
       2
       8
       5
      14
       9
       7
       6
       7
       5
       9
       7
       9
      13
       7
      10
      10
       7
       5
       8
       9
      15
       4
       7
      10
       8
       7
      14
      13
      11
       8
       5
       8
       7
       4
       7
      17
      10
       9
      12
       8
      11
       9
       9
       7
       6
       8
       7
      10
       8
       7
       7
       7
       8
      11
       9
       5
       4
       4
      15
       6
       8
       4
       9
       5
      12
       8
       6
       8
       8
       9
       8
       7
       5
       4
       5
       7
       5
       8
       6
       5
       9
       9
       4
       7
       8
       6
       8
       9
       5
       5
       6
       0
       0
       6
       3
      11
       3
       2
      10
       3
       6
       7
       9
       6
       2
       8
       6
       5
       5
       3
       8
       9
       3
       5
       2
       4
       7
      12
       7
       4
       3
       4
       8
       6
       2
       7
       6
       3
       9
       7
       9
       5
       6
      10
       5
      10
       6
       3
      10
       5
       8
       9
       5
       7
       3
       7
       5
       8
       6
       5
       5
      10
       7
       9
       6
       4
       8
       5
       7
       6
       6
       8
       6
       7
       7
       2
       0
       0
       0
       0
       0
       0
       0
       0
       0
       0
       0
       0
       0
       0
       0
       0
       0
       0
       0
       0
       0
       0
       0
       0
       0
       0
       0
       0
       0
       0
       0
       0
       0
       0
       0
       0
       0
       0
       0
       0
       0
       0
       0
       0
       0
       0
       0
       0
       0
       0
       0
       0
       0
       0
       0
       0
       0
       0
       0
       0
       0
       0
       0
       0
       0
       0
       0
       0
       0
       0
       0
       0
       0
       0
       0
       0
       0
       0
       0
       0
       0
       0
       0
       0
       0
       0
       0
       0
       0
       0
$ROI:
0
$PRESETS:
None
0
0
$ENER_FIT:
0.000000 0.000000
$MCA_CAL:
3
0.000000E+000 0.000000E+000 0.000000E+000 
$SHAPE_CAL:
3
0.000000E+000 0.000000E+000 0.000000E+000
