$SPEC_ID:
Na-22
$SPEC_REM:
DET# 2
DETDESC# PHY-R11-80 MCB 129
AP# Maestro Version 7.01
$DATE_MEA:
11/23/2018 15:31:16
$MEAS_TIM:
3828 3830
$DATA:
0 2047
       0
       0
       0
       0
       0
       0
       0
       0
       0
       0
       0
       0
       0
       0
       0
       0
       0
       0
       0
       0
       0
       0
       0
       0
       0
       0
       0
       0
       0
       0
       0
       0
       0
       0
       0
       0
       0
       0
       0
       0
       0
       0
       0
       0
       0
       0
       0
       0
       0
       0
       0
       0
       0
       0
       0
       0
       0
       0
       0
       0
       0
       0
       0
       0
       0
       0
       0
       0
       0
       0
       0
       0
       0
       0
       0
       0
       0
       1
       0
       0
       0
       0
       0
       0
       0
       0
       0
       0
       0
       0
       0
       0
       0
       0
       0
       0
       0
       0
       0
       0
       1
       0
       0
       0
       0
       0
       0
       0
       0
       0
       0
       1
       0
       0
       0
       0
       0
       0
       0
       0
       0
       0
       0
       0
       0
       0
       0
       0
       0
       0
       0
       0
       0
       0
       0
       0
       0
       0
       0
       0
       0
       0
       1
       0
       0
       0
       0
       0
       0
       0
       0
       0
       0
       0
       0
       0
       0
       1
       0
       0
       1
       0
       0
       0
       0
       0
       0
       0
       0
       0
       0
       0
       0
       0
       0
       0
       0
       0
       0
       0
       0
       0
       0
       0
       0
       0
       0
       0
       0
       0
       0
       0
       0
       0
       0
       0
       0
       0
       0
       0
       0
       0
       0
       1
       0
       2
       0
       1
       0
       0
       0
       0
       0
       0
       0
       0
       1
       0
       0
       0
       0
       0
       0
       1
       0
       1
       1
       0
       0
       0
       0
       0
       0
       0
       0
       1
       2
       0
       0
       0
       0
       1
       0
       3
       0
       0
       0
       0
       1
       0
       0
       0
       1
       0
       1
       1
       0
       2
       0
       0
       0
       1
       0
       0
       0
       1
       0
       0
       0
       2
       0
       0
       1
       0
       1
       1
       2
       1
       2
       0
       0
       1
       1
       3
       2
       2
       2
       1
       1
       2
       2
       1
       2
       1
       3
       0
       3
       2
       3
       2
       2
       1
       4
       2
       9
       2
       2
       3
       4
       5
       1
       1
       2
       4
       4
       4
       4
       1
       6
       6
       5
       9
       5
       3
       2
       3
       8
       7
       8
       8
       3
       5
       5
       6
       2
       7
       6
       9
       7
       8
       6
       7
       7
       8
       7
       6
       7
      12
      14
       9
       9
       9
       5
      17
       5
      10
      12
      12
      16
      16
      21
       6
      14
      17
      15
      20
      12
      15
      12
      17
      13
      14
      16
       9
      16
      17
      16
      13
      17
      19
      19
      11
      19
      16
      19
      24
      23
      31
      20
      23
      33
      24
      22
      14
      23
      30
      23
      32
      23
      29
      31
      33
      31
      28
      40
      30
      24
      20
      28
      36
      37
      31
      39
      22
      38
      36
      22
      45
      40
      41
      42
      49
      39
      51
      27
      35
      33
      49
      48
      38
      63
      54
      42
      59
      69
      52
      49
      58
      50
      53
      53
      52
      68
      49
      65
      64
      66
      65
      54
      80
      66
      75
      68
      79
      93
      79
      88
      83
      84
      89
      57
      86
      98
      83
      98
     102
      98
      85
      86
     102
      79
      94
     107
     112
     107
     103
     118
     110
     119
     112
     121
     109
     120
     126
     104
     124
     129
     153
     140
     158
     123
     152
     114
     140
     153
     154
     151
     163
     171
     157
     164
     160
     164
     161
     166
     172
     202
     167
     158
     196
     188
     192
     218
     185
     205
     212
     229
     194
     193
     208
     239
     199
     234
     246
     255
     216
     243
     243
     236
     260
     256
     275
     258
     263
     252
     259
     277
     275
     290
     289
     317
     294
     306
     285
     291
     341
     300
     329
     331
     329
     314
     335
     321
     339
     342
     343
     362
     363
     395
     366
     406
     393
     376
     396
     414
     383
     444
     437
     425
     435
     422
     427
     434
     443
     460
     445
     468
     461
     477
     508
     465
     477
     517
     462
     512
     499
     486
     532
     508
     504
     537
     538
     511
     550
     560
     576
     602
     580
     557
     619
     575
     576
     586
     611
     616
     592
     608
     593
     654
     654
     619
     648
     651
     670
     645
     677
     677
     674
     721
     690
     699
     700
     657
     748
     788
     730
     734
     738
     749
     752
     729
     722
     773
     757
     819
     822
     802
     743
     818
     786
     809
     834
     819
     785
     838
     870
     808
     842
     858
     856
     856
     919
     853
     901
     893
     898
     932
     861
     857
     880
     939
     894
     929
     914
     969
     905
     905
     917
     979
     935
     987
     979
     939
     939
     985
    1020
     928
     991
    1016
     968
     982
    1021
    1033
    1052
    1006
     976
    1041
     979
     990
    1036
    1057
     995
    1003
    1023
    1010
    1110
    1051
    1022
    1055
    1051
    1036
    1115
    1001
    1062
    1042
    1095
    1082
    1083
    1084
    1046
    1092
    1035
    1114
    1120
    1115
    1065
    1071
    1125
    1057
    1156
    1132
    1065
    1088
    1104
    1084
    1136
    1050
    1075
    1158
    1132
    1097
    1110
    1109
    1061
    1117
    1052
    1056
    1011
    1087
    1118
    1100
    1170
    1144
    1103
    1084
    1127
    1068
    1079
    1074
    1046
    1081
    1049
    1054
    1073
    1027
    1070
    1047
    1120
    1070
    1066
    1042
    1019
    1056
    1064
    1066
    1057
    1045
    1080
    1020
     991
    1053
    1038
    1061
    1002
    1032
    1025
    1000
    1044
    1015
     983
     998
    1021
     967
    1020
    1040
     997
     926
     974
     992
     981
     950
     956
     969
    1005
     962
     864
     943
     918
     928
     903
     915
     859
     938
     999
     925
     877
     936
     901
     931
     919
     898
     834
     847
     930
     895
     826
     894
     850
     832
     859
     867
     778
     785
     855
     845
     824
     822
     740
     782
     781
     780
     804
     725
     736
     761
     766
     781
     787
     707
     713
     719
     711
     662
     714
     677
     695
     687
     674
     693
     671
     659
     677
     598
     665
     663
     649
     618
     622
     633
     637
     581
     627
     585
     611
     593
     586
     599
     577
     587
     540
     569
     503
     549
     514
     520
     578
     560
     549
     569
     490
     525
     492
     526
     508
     489
     505
     514
     486
     517
     435
     464
     468
     427
     451
     440
     466
     420
     395
     405
     414
     419
     409
     414
     374
     441
     420
     412
     381
     367
     396
     364
     382
     374
     352
     359
     348
     343
     355
     344
     309
     329
     338
     352
     307
     310
     319
     287
     306
     313
     289
     307
     275
     265
     305
     283
     259
     273
     289
     269
     282
     259
     238
     262
     245
     236
     252
     245
     267
     246
     245
     221
     212
     237
     232
     188
     208
     199
     214
     208
     198
     242
     208
     192
     189
     186
     178
     197
     165
     188
     183
     189
     169
     161
     168
     146
     173
     156
     157
     158
     161
     159
     155
     158
     174
     126
     143
     165
     143
     133
     167
     151
     148
     128
     137
     121
     142
     134
     106
     114
     137
     128
     124
     116
      98
     111
     102
     119
     102
     115
     101
      95
      91
      85
      90
      84
      80
      92
     112
     100
      98
     102
     111
      77
      86
      81
      93
      83
      84
      63
      80
      75
      68
      73
      62
      69
      65
      76
      74
      53
      86
      71
      71
      76
      67
      83
      67
      62
      67
      66
      74
      55
      48
      58
      47
      47
      50
      70
      55
      54
      58
      58
      54
      55
      47
      38
      52
      42
      44
      48
      45
      52
      43
      26
      38
      48
      36
      33
      43
      48
      42
      35
      38
      37
      36
      32
      30
      44
      36
      32
      31
      28
      35
      25
      29
      40
      44
      28
      29
      29
      26
      23
      19
      27
      34
      31
      37
      24
      22
      23
      24
      17
      28
      31
      24
      20
      31
      21
      27
      18
      15
      29
      14
      17
      24
      19
      14
      27
      11
      17
      22
      19
      19
      12
      23
      22
      24
      18
      19
      16
      17
      12
      19
      17
      17
      25
      18
      18
      14
      12
      13
      15
      17
      10
      15
      23
      14
      15
      15
      13
       8
      15
       6
      14
      12
      15
      15
       8
      16
      13
      18
      15
       5
      15
      17
      19
      15
       9
       6
      14
      12
      11
       7
       9
      14
      16
      12
       6
       9
      14
      19
       8
      13
      12
      12
      15
      11
       9
       9
       9
      11
      12
      11
       6
       9
      12
      11
       7
      12
       7
      10
       7
      10
      10
       6
       8
      11
       6
       8
       7
       6
       5
      10
       4
       4
       5
      13
       4
       4
       8
       7
      11
       8
       4
       5
       8
       9
       3
       8
       5
       4
       5
       5
       5
       1
       7
       4
       9
       3
       8
       1
       7
       1
       6
       5
      12
       5
       4
       3
       3
       3
       3
       6
       4
       8
       4
       2
       4
       4
       5
       0
       4
       5
       5
       2
       4
       2
       2
       6
       2
       4
       3
       2
       3
       4
       5
       2
       5
       5
       3
       3
       4
       1
       2
       0
       1
       4
       1
       2
       2
       1
       0
       3
       2
       4
       6
       3
       3
       2
       0
       0
       3
       2
       4
       3
       3
       0
       1
       2
       0
       0
       2
       0
       3
       0
       1
       4
       1
       1
       0
       1
       0
       0
       3
       0
       2
       1
       1
       1
       1
       2
       0
       0
       1
       1
       1
       0
       0
       0
       1
       0
       1
       0
       1
       2
       1
       0
       1
       1
       2
       0
       0
       3
       1
       1
       0
       0
       0
       0
       0
       1
       1
       0
       2
       2
       1
       1
       1
       1
       0
       0
       0
       0
       0
       0
       0
       0
       0
       0
       0
       0
       1
       0
       0
       0
       1
       0
       1
       0
       1
       1
       1
       0
       0
       0
       0
       0
       0
       3
       0
       0
       1
       0
       0
       1
       0
       0
       0
       0
       0
       0
       0
       0
       0
       0
       0
       0
       0
       0
       0
       0
       0
       0
       0
       0
       0
       0
       0
       0
       0
       0
       0
       1
       0
       0
       0
       0
       0
       1
       0
       0
       0
       0
       1
       0
       0
       0
       0
       0
       0
       0
       1
       0
       0
       0
       0
       0
       0
       0
       0
       1
       0
       0
       0
       1
       0
       0
       0
       0
       0
       0
       0
       0
       0
       0
       0
       0
       0
       0
       0
       0
       0
       1
       0
       0
       0
       0
       0
       0
       0
       1
       0
       0
       0
       0
       0
       0
       0
       0
       1
       0
       0
       0
       0
       0
       0
       0
       0
       0
       0
       0
       0
       0
       0
       0
       0
       0
       1
       0
       0
       0
       0
       0
       0
       0
       0
       1
       0
       0
       0
       0
       0
       0
       0
       0
       0
       0
       0
       0
       0
       0
       0
       0
       0
       0
       0
       0
       0
       0
       0
       0
       0
       0
       0
       0
       0
       0
       0
       0
       1
       0
       1
       0
       0
       0
       0
       0
       0
       0
       0
       1
       2
       0
       0
       0
       0
       0
       0
       0
       0
       1
       0
       0
       0
       0
       0
       1
       0
       0
       0
       0
       0
       0
       0
       1
       1
       0
       0
       0
       1
       0
       0
       0
       0
       1
       1
       0
       0
       0
       0
       0
       0
       0
       0
       0
       0
       0
       0
       0
       0
       0
       0
       0
       0
       0
       0
       0
       0
       0
       0
       0
       0
       0
       0
       0
       0
       0
       0
       0
       0
       0
       0
       0
       0
       0
       0
       0
       0
       0
       0
       0
       0
       0
       0
       0
       0
       0
       0
       0
       0
       0
       0
       0
       0
       0
       0
       0
       0
       0
       0
       0
       0
       0
       0
       0
       0
       0
       0
       0
       0
       0
       0
       0
       0
       0
       0
       1
       0
       0
       0
       0
       0
       0
       1
       0
       0
       0
       0
       0
       1
       0
       1
       0
       0
       0
       0
       0
       1
       0
       0
       0
       0
       0
       0
       0
       0
       0
       0
       0
       0
       0
       0
       0
       0
       0
       0
       0
       0
       0
       0
       0
       0
       0
       0
       1
       1
       0
       0
       0
       0
       0
       0
       0
       0
       0
       0
       0
       0
       0
       0
       0
       0
       0
       1
       0
       0
       1
       0
       0
       0
       0
       0
       1
       0
       0
       0
       0
       0
       0
       0
       0
       0
       0
       0
       0
       0
       0
       0
       0
       0
       0
       0
       0
       0
       0
       0
       0
       0
       0
       0
       0
       0
       0
       0
       0
       0
       0
       0
       0
       0
       0
       0
       0
       0
       0
       1
       0
       0
       0
       0
       1
       0
       0
       0
       0
       0
       0
       0
       0
       0
       0
       0
       0
       0
       0
       0
       0
       0
       1
       0
       0
       0
       0
       0
       0
       0
       0
       0
       0
       0
       0
       0
       0
       0
       0
       0
       0
       0
       0
       0
       0
       0
       0
       0
       0
       0
       0
       0
       0
       0
       0
       0
       0
       0
       0
       0
       0
       0
       0
       0
       0
       0
       0
       0
       0
       0
       0
       0
       0
       0
       0
       0
       1
       0
       0
       0
       0
       0
       0
       0
       0
       0
       0
       0
       0
       0
       0
       0
       0
       1
       0
       0
       0
       0
       1
       0
       0
       0
       0
       0
       0
       0
       0
       0
       0
       0
       0
       0
       0
       0
       0
       0
       0
       0
       0
       0
       1
       0
       0
       0
       1
       0
       0
       0
       0
       0
       0
       0
       0
       0
       0
       0
       0
       0
       0
       0
       0
       0
       0
       0
       0
       0
       0
       0
       0
       0
       0
       0
       0
       0
       0
       0
       0
       0
       0
       0
       0
       0
       0
       0
       1
       0
       0
       0
       0
       0
       0
       0
       0
       0
       0
       0
       1
       0
       0
       0
       0
       0
       0
       0
       0
       1
       0
       0
       0
       0
       0
       0
       0
       0
       0
       0
       0
       0
       0
       0
       0
       0
       0
       0
       0
       0
       0
       0
       0
       0
       0
       0
       0
       0
       0
       0
       0
       0
       0
       0
       0
       0
       0
       0
       0
       0
       0
       0
       0
       0
       0
       0
       0
$ROI:
0
$PRESETS:
None
0
0
$ENER_FIT:
-27.333933 0.897223
$MCA_CAL:
3
-2.733393E+001 8.972232E-001 0.000000E+000 keV
$SHAPE_CAL:
3
0.000000E+000 0.000000E+000 0.000000E+000
